xof 0303txt 0032
template ColorRGBA {
 <35ff44e0-6c7c-11cf-8f52-0040333594a3>
 FLOAT red;
 FLOAT green;
 FLOAT blue;
 FLOAT alpha;
}

template ColorRGB {
 <d3e16e81-7835-11cf-8f52-0040333594a3>
 FLOAT red;
 FLOAT green;
 FLOAT blue;
}

template Material {
 <3d82ab4d-62da-11cf-ab39-0020af71e433>
 ColorRGBA faceColor;
 FLOAT power;
 ColorRGB specularColor;
 ColorRGB emissiveColor;
 [...]
}

template TextureFilename {
 <a42790e1-7810-11cf-8f52-0040333594a3>
 STRING filename;
}

template Frame {
 <3d82ab46-62da-11cf-ab39-0020af71e433>
 [...]
}

template Matrix4x4 {
 <f6f23f45-7686-11cf-8f52-0040333594a3>
 array FLOAT matrix[16];
}

template FrameTransformMatrix {
 <f6f23f41-7686-11cf-8f52-0040333594a3>
 Matrix4x4 frameMatrix;
}

template Vector {
 <3d82ab5e-62da-11cf-ab39-0020af71e433>
 FLOAT x;
 FLOAT y;
 FLOAT z;
}

template MeshFace {
 <3d82ab5f-62da-11cf-ab39-0020af71e433>
 DWORD nFaceVertexIndices;
 array DWORD faceVertexIndices[nFaceVertexIndices];
}

template Mesh {
 <3d82ab44-62da-11cf-ab39-0020af71e433>
 DWORD nVertices;
 array Vector vertices[nVertices];
 DWORD nFaces;
 array MeshFace faces[nFaces];
 [...]
}

template MeshMaterialList {
 <f6f23f42-7686-11cf-8f52-0040333594a3>
 DWORD nMaterials;
 DWORD nFaceIndexes;
 array DWORD faceIndexes[nFaceIndexes];
 [Material <3d82ab4d-62da-11cf-ab39-0020af71e433>]
}

template VertexElement {
 <f752461c-1e23-48f6-b9f8-8350850f336f>
 DWORD Type;
 DWORD Method;
 DWORD Usage;
 DWORD UsageIndex;
}

template DeclData {
 <bf22e553-292c-4781-9fea-62bd554bdd93>
 DWORD nElements;
 array VertexElement Elements[nElements];
 DWORD nDWords;
 array DWORD data[nDWords];
}

template XSkinMeshHeader {
 <3cf169ce-ff7c-44ab-93c0-f78f62d172e2>
 WORD nMaxSkinWeightsPerVertex;
 WORD nMaxSkinWeightsPerFace;
 WORD nBones;
}

template SkinWeights {
 <6f0d123b-bad2-4167-a0d0-80224f25fabb>
 STRING transformNodeName;
 DWORD nWeights;
 array DWORD vertexIndices[nWeights];
 array FLOAT weights[nWeights];
 Matrix4x4 matrixOffset;
}

template AnimTicksPerSecond {
 <9e415a43-7ba6-4a73-8743-b73d47e88476>
 DWORD AnimTicksPerSecond;
}

template Animation {
 <3d82ab4f-62da-11cf-ab39-0020af71e433>
 [...]
}

template AnimationSet {
 <3d82ab50-62da-11cf-ab39-0020af71e433>
 [Animation <3d82ab4f-62da-11cf-ab39-0020af71e433>]
}

template FloatKeys {
 <10dd46a9-775b-11cf-8f52-0040333594a3>
 DWORD nValues;
 array FLOAT values[nValues];
}

template TimedFloatKeys {
 <f406b180-7b3b-11cf-8f52-0040333594a3>
 DWORD time;
 FloatKeys tfkeys;
}

template AnimationKey {
 <10dd46a8-775b-11cf-8f52-0040333594a3>
 DWORD keyType;
 DWORD nKeys;
 array TimedFloatKeys keys[nKeys];
}


Material Material__218 {
 1.000000;1.000000;1.000000;1.000000;;
 10.000000;
 0.000000;0.000000;0.000000;;
 0.000000;0.000000;0.000000;;

 TextureFilename {
  "ZED_Gorefast_D.tga";
 }
}

Frame SceneRoot {
 

 FrameTransformMatrix {
  1.000000,0.000000,0.000000,0.000000,0.000000,1.000000,0.000000,0.000000,0.000000,0.000000,1.000000,0.000000,0.000000,0.000000,0.000000,1.000000;;
 }

 Frame Root {
  

  FrameTransformMatrix {
   1.000000,0.000000,0.000000,0.000000,0.000000,1.000000,0.000000,0.000000,0.000000,0.000000,1.000000,0.000000,0.000000,0.000000,0.000000,1.000000;;
  }

  Frame Hips {
   

   FrameTransformMatrix {
    0.829792,0.147040,-0.538353,0.000000,-0.066762,0.983893,0.165826,0.000000,0.554065,-0.101660,0.826243,0.000000,0.000000,102.130630,0.000000,1.000000;;
   }

   Frame Spine {
    

    FrameTransformMatrix {
     -0.040740,0.994384,0.097682,0.000000,0.999014,0.042267,-0.013617,0.000000,-0.017669,0.097031,-0.995125,0.000000,0.000002,10.959610,1.735139,1.000000;;
    }

    Frame Spine1 {
     

     FrameTransformMatrix {
      0.987994,-0.058775,0.142877,0.000000,0.052929,0.997612,0.044385,0.000000,-0.145144,-0.036290,0.988745,0.000000,12.856300,0.000004,0.000000,1.000000;;
     }

     Frame Spine2 {
      

      FrameTransformMatrix {
       0.947887,-0.042372,0.315777,0.000000,0.030019,0.998585,0.043885,0.000000,-0.317189,-0.032119,0.947818,0.000000,22.014069,0.000002,0.000000,1.000000;;
      }

      Frame neck {
       

       FrameTransformMatrix {
        0.944134,0.158311,0.289047,0.000000,-0.094105,0.970054,-0.223917,0.000000,-0.315840,0.184208,0.930759,0.000000,14.107955,0.000002,0.000000,1.000000;;
       }

       Frame head {
        

        FrameTransformMatrix {
         0.908420,0.154412,-0.388497,0.000000,-0.280696,0.913952,-0.293089,0.000000,0.309811,0.375297,0.873595,0.000000,12.846558,-0.000002,0.000000,1.000000;;
        }

        Frame Gore_BackR {
         

         FrameTransformMatrix {
          -0.000000,1.000000,0.000000,0.000000,1.000000,0.000000,0.000000,0.000000,0.000000,0.000000,-1.000000,0.000000,10.775299,-5.201878,-4.681892,1.000000;;
         }
        }

        Frame Gore_FrontL {
         

         FrameTransformMatrix {
          -0.000000,1.000000,0.000000,0.000000,1.000000,0.000000,0.000000,0.000000,0.000000,0.000000,-1.000000,0.000000,4.970627,5.231161,16.081448,1.000000;;
         }
        }

        Frame Gore_FrontR {
         

         FrameTransformMatrix {
          -0.000000,1.000000,0.000000,0.000000,1.000000,0.000000,0.000000,0.000000,0.000000,0.000000,-1.000000,0.000000,4.970245,-5.231001,16.081322,1.000000;;
         }
        }

        Frame Gore_BackL {
         

         FrameTransformMatrix {
          -0.000000,1.000000,0.000000,0.000000,1.000000,0.000000,0.000000,0.000000,0.000000,0.000000,-1.000000,0.000000,10.775284,4.570160,-4.681892,1.000000;;
         }
        }
       }
      }

      Frame RightShoulder {
       

       FrameTransformMatrix {
        0.259442,0.895054,0.362724,0.000000,-0.941445,0.150647,0.301642,0.000000,0.215342,-0.419743,0.881727,0.000000,9.852447,-2.384022,4.140427,1.000000;;
       }

       Frame RightArm {
        

        FrameTransformMatrix {
         0.766181,-0.642509,0.012217,0.000000,0.452202,0.525540,-0.720639,0.000000,0.456597,0.557665,0.693202,0.000000,-18.857826,0.000000,-0.000002,1.000000;;
        }

        Frame RightForearm {
         

         FrameTransformMatrix {
          0.552415,0.000000,-0.833570,0.000000,0.000000,1.000000,-0.000000,0.000000,0.833570,0.000000,0.552415,0.000000,-33.597891,0.000000,0.000000,1.000000;;
         }

         Frame RightHand {
          

          FrameTransformMatrix {
           1.000000,0.000000,-0.000000,0.000000,0.000000,0.997218,0.074535,0.000000,-0.000000,-0.074535,0.997218,0.000000,-120.879949,-0.000370,0.000072,1.000000;;
          }
         }

         Frame RightWrist {
          

          FrameTransformMatrix {
           1.000000,0.000000,-0.000000,0.000000,0.000000,0.997218,0.074535,0.000000,-0.000000,-0.074535,0.997218,0.000000,-25.157531,0.000000,0.000004,1.000000;;
          }

          Frame ExtRightWristFront {
           

           FrameTransformMatrix {
            0.913827,0.405843,0.014539,0.000000,0.262897,-0.563915,-0.782870,0.000000,-0.309523,0.719230,-0.622016,0.000000,-2.246277,1.610687,1.453209,1.000000;;
           }

           Frame ExtHandMiddleA {
            

            FrameTransformMatrix {
             0.165898,0.636556,-0.753176,0.000000,0.131068,0.742751,0.656614,0.000000,0.977394,-0.207648,0.039789,0.000000,-12.479347,0.000006,-0.000008,1.000000;;
            }

            Frame ExtHandMiddleB {
             

             FrameTransformMatrix {
              -0.243197,0.000000,-0.969977,0.000000,0.000000,1.000000,0.000000,0.000000,0.969977,0.000000,-0.243197,0.000000,-3.277672,-0.000006,0.000000,1.000000;;
             }

             Frame ExtHandMiddleC {
              

              FrameTransformMatrix {
               0.086584,0.000000,-0.996245,0.000000,-0.000000,1.000000,0.000000,0.000000,0.996244,-0.000000,0.086584,0.000000,-3.180767,0.000006,-0.000015,1.000000;;
              }
             }
            }
           }

           Frame ExtHandIndexA {
            

            FrameTransformMatrix {
             0.241541,0.600849,-0.761996,0.000000,-0.056954,0.792671,0.606984,0.000000,0.968718,-0.103213,0.225684,0.000000,-12.077298,-1.484665,-2.853989,1.000000;;
            }

            Frame ExtHandIndexB {
             

             FrameTransformMatrix {
              0.480812,0.153905,-0.863211,0.000000,0.068992,0.974782,0.212226,0.000000,0.874105,-0.161596,0.458069,0.000000,-2.237259,0.000000,0.000006,1.000000;;
             }

             Frame ExtHandIndexC {
              

              FrameTransformMatrix {
               -0.587719,0.000000,-0.809065,0.000000,0.000000,1.000000,-0.000000,0.000000,0.809065,-0.000000,-0.587719,0.000000,-3.218803,-0.000010,-0.000015,1.000000;;
              }
             }
            }
           }

           Frame ExtHandThumbA {
            

            FrameTransformMatrix {
             0.824685,0.549428,-0.134248,0.000000,-0.528151,0.663162,-0.530351,0.000000,-0.202362,0.508275,0.837082,0.000000,-3.605820,-2.263657,0.134018,1.000000;;
            }

            Frame ExtHandThumbB {
             

             FrameTransformMatrix {
              0.642887,0.000000,-0.765961,0.000000,0.000000,1.000000,0.000000,0.000000,0.765961,0.000000,0.642887,0.000000,-5.980896,-0.000002,0.000000,1.000000;;
             }

             Frame ExtHandThumbC {
              

              FrameTransformMatrix {
               0.078315,-0.000000,-0.996929,0.000000,0.000000,1.000000,-0.000000,0.000000,0.996929,0.000000,0.078315,0.000000,-2.324944,-0.000008,-0.000008,1.000000;;
              }
             }
            }
           }
          }

          Frame ExtRightWristBack {
           

           FrameTransformMatrix {
            0.977694,0.210029,0.001456,0.000000,0.129646,-0.598024,-0.790923,0.000000,-0.165246,0.773470,-0.611914,0.000000,-3.528686,-1.320675,-5.365555,1.000000;;
           }

           Frame ExtHandPinkyA {
            

            FrameTransformMatrix {
             0.289105,0.650964,-0.701900,0.000000,0.381820,0.593954,0.708119,0.000000,0.877857,-0.472720,-0.076836,0.000000,-9.432530,1.473852,1.883217,1.000000;;
            }

            Frame ExtHandPinkyB {
             

             FrameTransformMatrix {
              -0.185745,-0.000000,-0.982598,0.000000,0.000000,1.000000,0.000000,0.000000,0.982598,-0.000000,-0.185745,0.000000,-2.994980,0.000010,-0.000015,1.000000;;
             }

             Frame ExtHandPinkyC {
              

              FrameTransformMatrix {
               0.284183,0.000000,-0.958770,0.000000,0.000000,1.000000,-0.000000,0.000000,0.958770,-0.000000,0.284184,0.000000,-1.911232,0.000006,0.000000,1.000000;;
              }
             }
            }
           }

           Frame ExtHandRingA {
            

            FrameTransformMatrix {
             0.125033,0.686264,-0.716526,0.000000,0.037878,0.718365,0.694635,0.000000,0.991429,-0.113993,0.063825,0.000000,-10.461434,0.000029,0.000008,1.000000;;
            }

            Frame ExtHandRingB {
             

             FrameTransformMatrix {
              -0.526541,0.000000,-0.850150,0.000000,0.000000,1.000000,0.000000,0.000000,0.850150,-0.000000,-0.526541,0.000000,-4.123932,0.000002,0.000000,1.000000;;
             }

             Frame ExtHandRingC {
              

              FrameTransformMatrix {
               -0.411992,0.000000,-0.911188,0.000000,-0.000000,1.000000,-0.000000,0.000000,0.911188,0.000000,-0.411992,0.000000,-2.986473,-0.000002,-0.000002,1.000000;;
              }
             }
            }
           }
          }
         }

         Frame RightForeArmTwist1 {
          

          FrameTransformMatrix {
           1.000000,0.000000,0.000000,0.000000,-0.000000,0.999556,0.029783,0.000000,0.000000,-0.029783,0.999557,0.000000,-5.999992,-0.000004,0.000002,1.000000;;
          }
         }
        }

        Frame RightArmTwist1 {
         

         FrameTransformMatrix {
          1.000000,0.000000,-0.000000,0.000000,0.000000,0.969265,0.246020,0.000000,0.000000,-0.246020,0.969265,0.000000,-8.999962,-0.000015,-0.000015,1.000000;;
         }
        }
       }
      }

      Frame LeftShoulder {
       

       FrameTransformMatrix {
        -0.270016,0.881519,-0.387318,0.000000,0.939430,0.152998,-0.306698,0.000000,-0.211101,-0.446671,-0.869437,0.000000,9.852646,2.381577,4.141296,1.000000;;
       }

       Frame LeftArm {
        

        FrameTransformMatrix {
         0.486413,-0.741972,-0.461390,0.000000,0.660633,0.657913,-0.361545,0.000000,0.571811,-0.128949,0.810188,0.000000,18.857822,0.000015,-0.000001,1.000000;;
        }

        Frame LeftArmTwist1 {
         

         FrameTransformMatrix {
          1.000000,0.000000,-0.000000,0.000000,0.000000,0.998541,-0.053998,0.000000,0.000000,0.053998,0.998541,0.000000,9.000153,-0.000267,-0.000029,1.000000;;
         }
        }
       }
      }
     }
    }

    Frame Gore_Abdomen {
     

     FrameTransformMatrix {
      0.000000,1.000000,-0.000000,0.000000,1.000000,0.000000,0.000000,0.000000,0.000000,-0.000000,-1.000000,0.000000,-7.072876,0.000004,14.300792,1.000000;;
     }
    }
   }

   Frame LeftUpLeg {
    

    FrameTransformMatrix {
     0.224684,-0.962939,-0.149217,0.000000,0.907119,0.150768,0.392944,0.000000,-0.355884,-0.223645,0.907375,0.000000,9.865859,0.000000,0.000002,1.000000;;
    }

    Frame LeftLeg {
     

     FrameTransformMatrix {
      0.955585,0.000000,0.294716,0.000000,0.000000,1.000000,0.000000,0.000000,-0.294716,0.000000,0.955585,0.000000,47.694915,0.000000,-0.000008,1.000000;;
     }

     Frame LeftFoot {
      

      FrameTransformMatrix {
       0.957230,-0.268973,0.106599,0.000000,0.267928,0.963133,0.024279,0.000000,-0.109200,0.005320,0.994006,0.000000,42.779450,0.000000,0.000004,1.000000;;
      }

      Frame LeftToeBase {
       

       FrameTransformMatrix {
        -0.007095,-0.000146,-0.999975,0.000000,-0.016918,0.999857,-0.000026,0.000000,0.999832,0.016918,-0.007096,0.000000,9.858394,0.000002,-15.382250,1.000000;;
       }
      }
     }
    }
   }

   Frame RightUpLeg {
    

    FrameTransformMatrix {
     0.486575,0.855013,-0.179434,0.000000,0.841115,-0.513993,-0.168335,0.000000,-0.236156,-0.069017,-0.969261,0.000000,-9.865858,-0.000008,-0.000002,1.000000;;
    }

    Frame RightLeg {
     

     FrameTransformMatrix {
      0.944000,0.000000,0.329947,0.000000,-0.000000,1.000000,-0.000000,0.000000,-0.329947,-0.000000,0.944000,0.000000,-47.694938,0.000000,-0.000000,1.000000;;
     }

     Frame RightFoot {
      

      FrameTransformMatrix {
       0.876944,-0.365053,-0.312580,0.000000,0.442405,0.867266,0.228315,0.000000,0.187743,-0.338506,0.922045,0.000000,-42.779446,-0.000004,-0.000002,1.000000;;
      }

      Frame RightToeBase {
       

       FrameTransformMatrix {
        -0.000020,-0.000000,-1.000000,0.000000,0.000000,1.000000,-0.000000,0.000000,1.000000,0.000000,-0.000020,0.000000,-9.858395,-0.000004,15.382259,1.000000;;
       }
      }
     }
    }
   }
  }
 }

 Frame Gorefast_Gore_OptMesh_Rig_Master {
  

  FrameTransformMatrix {
   1.000000,0.000000,0.000000,0.000000,0.000000,1.000000,0.000000,0.000000,0.000000,0.000000,1.000000,0.000000,0.000000,0.000000,0.000000,1.000000;;
  }

  Mesh Gorefast_Gore_OptMesh_Rig_Master {
   6115;
   -7.239370;175.925760;-8.636126;,
   -6.849172;173.716787;-7.998614;,
   -6.785512;175.060531;-7.212542;,
   -5.259511;175.667955;-3.184618;,
   -5.972707;174.505843;-5.145830;,
   -4.712880;173.943347;-3.296923;,
   -6.390187;176.001933;-4.745836;,
   -6.785512;175.060531;-7.212542;,
   -5.972707;174.505843;-5.145830;,
   -7.188283;176.576154;-6.425249;,
   -7.626088;177.124979;-8.440447;,
   -7.867360;176.849600;-8.974626;,
   -7.239370;175.925760;-8.636126;,
   -7.840260;178.458970;-9.418535;,
   -8.410999;178.107405;-8.929034;,
   -8.513416;179.166003;-9.646014;,
   -8.750904;179.103501;-9.845415;,
   -8.311695;179.511706;-10.698748;,
   -8.653797;179.353498;-10.696306;,
   -7.820179;179.251942;-10.576433;,
   -7.872975;179.201152;-9.071428;,
   -7.448902;178.742170;-5.534014;,
   -5.835072;178.951155;-2.614428;,
   -5.921802;185.464832;-3.648638;,
   -3.577594;188.822246;-5.366045;,
   -6.470203;186.458970;-6.094500;,
   -7.559498;182.804672;-5.797502;,
   -6.173206;182.742170;-2.796923;,
   -7.820118;182.892557;-9.328814;,
   -7.764394;179.736307;-10.562029;,
   -7.448902;178.742170;-5.534014;,
   -3.384480;183.195302;-0.734828;,
   -3.690082;186.623027;-2.464022;,
   0.239924;188.529280;-3.651446;,
   0.266012;189.410138;-4.668322;,
   0.188711;186.798810;-1.655322;,
   -0.718739;185.015616;-1.036898;,
   -1.354710;183.230451;-0.309590;,
   -1.609364;182.515610;-0.311757;,
   -2.902394;178.894515;-0.323424;,
   -2.779775;175.431629;-1.394625;,
   0.105332;184.880845;-0.769702;,
   -1.023419;181.683584;-0.128363;,
   0.050010;175.539046;-0.771128;,
   0.068110;173.808576;-1.765124;,
   -2.895193;173.667955;-2.151522;,
   2.348999;93.419917;16.348862;,
   8.388915;96.105459;15.431506;,
   3.599487;98.161126;15.892442;,
   6.751526;91.887686;15.698350;,
   1.798599;88.038080;13.585925;,
   5.591613;87.155264;13.393542;,
   5.723388;102.473626;14.355699;,
   10.119872;100.416006;14.430040;,
   3.068207;101.763667;14.214464;,
   0.998001;97.749018;15.506699;,
   0.998001;97.749018;15.506699;,
   -0.118500;93.487296;14.987779;,
   -0.201799;89.230464;13.042102;,
   0.490200;87.495110;9.899279;,
   2.263199;85.870112;9.928271;,
   5.350280;85.062490;9.899402;,
   9.670226;86.566400;11.787951;,
   11.011230;90.221670;13.336901;,
   12.704406;95.643059;13.070726;,
   14.281859;100.091789;11.302232;,
   11.331786;103.111322;13.101670;,
   9.040099;84.942374;9.668872;,
   14.965331;93.088858;10.079454;,
   14.119262;89.416986;9.977159;,
   16.157714;96.246086;8.457872;,
   15.734862;102.247066;8.903489;,
   14.133178;106.330074;9.431412;,
   16.897338;106.655264;4.290085;,
   15.803222;89.981440;6.239184;,
   17.213254;94.608390;4.271990;,
   17.156736;97.963859;6.026659;,
   17.454099;102.798822;4.437974;,
   17.444701;102.457024;0.354383;,
   16.450926;106.546867;-0.950621;,
   18.218016;100.430656;-2.209120;,
   18.472166;99.349600;1.222681;,
   18.101560;99.035149;3.924974;,
   18.669066;96.074208;3.194384;,
   14.599365;105.330074;-3.900313;,
   15.629515;106.688467;-4.783003;,
   12.746215;103.084954;-8.446912;,
   12.911498;104.256826;-8.669203;,
   11.744445;103.999994;-9.027082;,
   11.833007;104.854483;-8.676100;,
   10.315002;104.493158;-7.981520;,
   10.793822;105.544915;-7.554213;,
   9.073302;104.949210;-7.653822;,
   9.766418;107.872064;-8.289503;,
   13.081542;105.903315;-6.775526;,
   12.972899;107.544909;-8.009901;,
   15.007323;107.973619;-4.511305;,
   16.812742;108.177728;-2.051924;,
   12.651244;110.527334;-8.144911;,
   9.898375;110.500966;-8.214735;,
   15.876098;109.656243;-5.466201;,
   16.456786;109.201165;-2.136413;,
   15.007323;107.973619;-4.511305;,
   17.500365;110.696282;0.963280;,
   17.266966;109.103514;1.411484;,
   16.980344;111.390618;0.893883;,
   17.030027;110.963866;3.826065;,
   16.805174;109.546867;4.035294;,
   14.192749;109.281242;8.296371;,
   10.229308;108.285146;10.921616;,
   7.266113;105.737299;12.770981;,
   16.534910;111.693350;3.871872;,
   12.576415;115.303706;8.418074;,
   11.206543;118.069325;8.469894;,
   9.064208;114.383782;9.619552;,
   15.146850;116.310541;6.162277;,
   13.584594;112.804685;8.458053;,
   16.734251;113.344717;4.695572;,
   13.626952;111.262682;7.866196;,
   14.335448;110.704090;8.251389;,
   12.840576;121.098624;7.390609;,
   8.205382;115.832998;11.057601;,
   11.758301;118.498035;10.121870;,
   9.982787;109.538074;10.862534;,
   9.263915;109.992179;9.360153;,
   7.054992;108.946278;11.715439;,
   5.781616;106.818349;12.480575;,
   5.222900;106.766592;11.887924;,
   6.192993;109.334950;10.955185;,
   9.559508;111.765619;9.808700;,
   1.465607;107.086906;12.998642;,
   1.604507;111.754880;12.203842;,
   -0.138600;97.748038;15.609483;,
   0.006600;101.961907;14.626328;,
   -0.188000;107.387686;12.734726;,
   -0.061600;111.451162;11.655379;,
   -33.814445;146.646490;-1.466823;,
   -33.209952;148.269530;1.014873;,
   -31.436029;148.103514;-1.401013;,
   -36.765862;145.544922;1.742176;,
   -36.814202;144.748045;-1.327815;,
   -27.466794;148.824218;-2.381727;,
   -29.651363;147.054682;-2.624707;,
   -32.206781;145.080077;-2.776103;,
   -35.017814;142.798822;-2.838603;,
   -37.909904;140.342771;-2.765727;,
   -25.074947;144.338867;-1.318815;,
   -25.317621;147.909184;-2.011426;,
   -23.191400;146.112307;-0.945921;,
   -23.770990;148.926758;-2.059522;,
   -27.549069;145.809574;-2.133023;,
   -30.189693;143.606451;-2.051723;,
   -33.036614;141.285158;-2.089412;,
   -36.295402;138.546880;-1.825221;,
   -31.393795;139.209958;-1.635113;,
   -27.958246;141.846682;-1.476223;,
   -26.345210;141.314458;1.562076;,
   -22.665766;144.569331;2.117266;,
   -30.313715;138.395507;1.199085;,
   -40.716301;137.955072;-2.467311;,
   -39.665763;135.839846;-1.525523;,
   -35.040765;136.654298;-1.411022;,
   -34.292474;135.772467;1.243481;,
   -34.497795;136.836915;4.157581;,
   -30.815424;139.500006;3.854877;,
   -26.822504;143.084966;4.521288;,
   -23.486078;145.694336;4.824938;,
   -21.893794;145.602522;3.001390;,
   -22.271966;146.410138;4.271257;,
   -38.130608;133.493158;1.479283;,
   -38.605706;134.850586;5.123372;,
   -38.622307;134.435546;-1.022517;,
   -40.975824;133.388672;-0.572116;,
   -40.620355;132.366208;1.788091;,
   -41.478509;133.452147;5.225392;,
   -42.246576;140.212890;-1.300410;,
   -44.354483;138.166989;-1.084613;,
   -44.786125;138.926758;1.167776;,
   -46.843254;136.738278;0.619382;,
   -45.844230;136.089843;-0.442317;,
   -42.295402;135.816410;-2.014018;,
   -46.108390;139.417971;1.804784;,
   -45.063469;141.114253;3.846975;,
   -39.127923;143.915034;1.524586;,
   -39.705072;142.538086;-1.312724;,
   -42.158195;141.425779;1.368184;,
   -42.282218;142.627930;2.683980;,
   -42.745597;142.821286;3.881978;,
   -43.444330;143.711910;5.869496;,
   -39.899162;147.253901;5.652577;,
   -34.496819;149.425779;4.062580;,
   -36.855216;149.727539;5.478809;,
   -34.805658;150.726566;5.432972;,
   -37.940909;146.673830;3.935383;,
   -36.526358;149.428710;8.916798;,
   -33.485344;150.937498;8.620410;,
   -31.439200;151.293939;6.884204;,
   -32.568595;150.818355;4.861591;,
   -33.964349;149.148442;2.632984;,
   -34.158435;147.875981;11.788684;,
   -30.900384;150.007808;11.234851;,
   -29.579094;151.381837;9.915880;,
   -31.729242;146.914061;11.871447;,
   -40.017082;147.114253;8.756458;,
   -37.816883;145.183590;11.354847;,
   -34.971667;143.772467;11.618640;,
   -31.371085;143.785152;13.449939;,
   -28.765373;145.899418;13.374621;,
   -28.640618;141.500979;12.437366;,
   -26.354973;143.581056;12.300524;,
   -26.215325;141.057613;10.150133;,
   -41.156976;139.014643;10.866078;,
   -26.257805;148.132813;12.597765;,
   -29.022941;149.081050;11.393297;,
   -40.812736;136.874022;10.500844;,
   -37.143546;138.950195;11.776844;,
   -33.910390;141.169920;12.832630;,
   -31.848381;138.696294;12.144641;,
   -30.258294;137.726566;9.497180;,
   -26.131342;140.933594;6.530383;,
   -30.014886;137.779302;6.144397;,
   -34.256586;135.868160;5.913196;,
   -34.636467;135.551757;8.724170;,
   -35.711661;136.576166;11.035633;,
   -39.365958;134.914061;9.376454;,
   -34.497795;136.836915;4.157581;,
   -30.815424;139.500006;3.854877;,
   -38.605706;134.850586;5.123372;,
   -39.206048;134.148442;7.670582;,
   -42.812003;133.477542;8.750478;,
   -42.836419;136.722662;10.636830;,
   -42.140618;133.171878;6.401601;,
   -42.309075;141.826176;10.415394;,
   -45.860832;139.089843;10.041005;,
   -43.817862;143.716800;8.337697;,
   -47.089347;141.377933;8.055470;,
   -46.397942;141.060544;4.367879;,
   -23.639152;146.740237;11.412583;,
   -21.629875;146.358387;8.917954;,
   -22.674797;148.230451;11.180283;,
   -22.839592;144.447270;9.334702;,
   -23.116205;143.977536;6.639147;,
   -26.822504;143.084966;4.521288;,
   -22.133784;144.973632;6.567796;,
   -22.237542;145.778304;5.679796;,
   -23.486078;145.694336;4.824938;,
   -7.761167;122.179674;-9.397232;,
   -10.184813;119.972646;-7.950210;,
   -10.224667;123.117184;-9.767898;,
   -7.091306;123.615232;-10.173049;,
   -6.933775;122.212877;-10.796401;,
   -6.867003;119.320307;-9.631301;,
   -7.476195;119.111322;-7.655838;,
   -6.350219;116.585933;-9.264114;,
   -7.203124;116.173824;-7.338638;,
   -7.200011;114.835930;-8.042494;,
   -6.237486;124.123034;-11.617446;,
   -1.574796;125.870106;-13.189711;,
   -0.005197;129.662093;-14.064346;,
   0.019602;125.736320;-11.900161;,
   -1.695798;128.567373;-14.862930;,
   -1.318296;124.634752;-12.708877;,
   -1.252898;120.826163;-11.963027;,
   -1.214500;117.058586;-10.943252;,
   -5.081206;115.749018;-9.450393;,
   -0.066999;121.106432;-10.909560;,
   0.080001;117.485338;-9.848220;,
   -1.356506;115.479488;-9.938308;,
   -1.854995;114.407219;-10.704604;,
   -0.227699;113.975578;-10.230544;,
   -1.891205;111.817370;-11.115493;,
   -0.005600;110.362291;-10.503920;,
   -2.181107;106.263667;-11.042982;,
   2.096405;106.263667;-11.042982;,
   -0.008100;106.455072;-10.620374;,
   1.806595;111.817370;-11.115493;,
   1.770401;114.407219;-10.704604;,
   1.271889;115.479488;-9.938308;,
   0.000000;102.432608;-10.425306;,
   2.123596;102.587885;-10.512098;,
   5.669982;105.903315;-10.204298;,
   5.092895;102.363277;-9.676831;,
   1.168290;120.826163;-11.963027;,
   1.129899;117.058586;-10.943252;,
   4.996612;115.749018;-9.450393;,
   5.423828;114.134758;-9.895034;,
   5.662292;111.792960;-10.235122;,
   5.261718;98.367181;-7.579114;,
   6.519775;102.260736;-7.747511;,
   7.131591;105.522451;-8.151136;,
   8.050109;110.747059;-8.650099;,
   7.318481;113.683584;-8.985244;,
   7.115418;114.835930;-8.042494;,
   6.305908;116.585933;-9.264114;,
   7.757081;122.179674;-9.397232;,
   6.862915;119.320307;-9.631301;,
   6.929689;122.212877;-10.796401;,
   7.472107;119.111322;-7.655838;,
   7.118530;116.173824;-7.338638;,
   8.022582;113.440422;-7.789443;,
   10.544554;111.978509;-7.805007;,
   10.180725;119.972646;-7.950210;,
   10.220582;123.117184;-9.767898;,
   7.087282;123.615232;-10.173049;,
   6.233522;124.123034;-11.617446;,
   1.233705;124.634752;-12.708877;,
   1.490099;125.870106;-13.189711;,
   -33.964349;149.148442;2.632984;,
   -33.209952;148.269530;1.014873;,
   -36.765862;145.544922;1.742176;,
   -32.568595;150.818355;4.861591;,
   -32.445059;152.568358;3.842181;,
   -5.346374;98.367181;-7.579114;,
   -2.309997;95.156243;-8.325695;,
   -3.225189;93.864250;-6.293835;,
   2.225296;95.156243;-8.325695;,
   2.057800;98.245107;-9.715100;,
   3.664001;98.543936;-9.368298;,
   -0.013900;97.924800;-9.350721;,
   -0.012400;95.041984;-8.233532;,
   -1.255600;93.702144;-7.265820;,
   -1.717697;92.753901;-5.186108;,
   -2.172897;91.695302;-4.099804;,
   -0.016100;92.482413;-3.859509;,
   0.009500;93.284173;-6.649121;,
   1.170898;93.702144;-7.265820;,
   1.633103;92.753901;-5.186108;,
   3.140503;93.864250;-6.293835;,
   -5.177490;102.363277;-9.676831;,
   -3.748596;98.543936;-9.368298;,
   -2.142395;98.245107;-9.715100;,
   -5.754578;105.903315;-10.204298;,
   -2.208297;102.587885;-10.512098;,
   -5.747009;111.792960;-10.235122;,
   -5.508484;114.134758;-9.895034;,
   -7.403198;113.683584;-8.985244;,
   -8.134826;110.747059;-8.650099;,
   -7.216186;105.522451;-8.151136;,
   -6.604370;102.260736;-7.747511;,
   -9.851074;107.872064;-8.289503;,
   -9.982970;110.500966;-8.214735;,
   -8.107177;113.440422;-7.789443;,
   -10.629150;111.978509;-7.805007;,
   -12.735961;110.527334;-8.144911;,
   -16.941051;1.894745;-14.873061;,
   -18.737173;1.144992;-10.449032;,
   -20.085474;0.674948;-13.722776;,
   -25.326339;0.276966;-10.303702;,
   -20.474016;0.377725;-14.852819;,
   -17.286928;1.215868;-17.580894;,
   -19.629150;0.025785;-19.873045;,
   -17.696045;1.789186;-21.092771;,
   -20.308472;1.142281;-22.714354;,
   -24.989259;0.801988;-21.460445;,
   -23.794680;0.167785;-17.884640;,
   -28.373293;0.553087;-17.697994;,
   -27.212890;0.031528;-14.411109;,
   -20.257446;0.572983;-24.236082;,
   -19.821899;1.534287;-23.406981;,
   -22.057618;0.048185;-23.877437;,
   -23.954347;0.370785;-24.385494;,
   -25.944338;0.409284;-22.884518;,
   -27.879642;0.345186;-20.939205;,
   -29.499757;0.080586;-19.094845;,
   -22.593994;0.230383;-26.471920;,
   -21.157227;0.347084;-26.120115;,
   -25.810304;1.212784;-25.359616;,
   -24.269045;1.070786;-25.549802;,
   -22.996582;1.101784;-27.039546;,
   -21.404298;1.356079;-26.894285;,
   -20.587280;1.424683;-26.115477;,
   -19.799805;1.606278;-24.489256;,
   -30.606202;0.807786;-18.894038;,
   -30.350589;0.848985;-17.727536;,
   -30.177248;0.824884;-19.989742;,
   -29.481446;0.779985;-20.513546;,
   -29.115482;0.887383;-21.986568;,
   -28.408205;0.906083;-22.382077;,
   -27.620118;0.908585;-23.768307;,
   -26.702150;0.864785;-24.057858;,
   -23.675896;2.459470;-1.074590;,
   -22.857107;0.292490;-5.449642;,
   -20.918288;0.143781;-1.985531;,
   -25.950451;2.096002;-5.152783;,
   -28.407939;1.651242;-9.999687;,
   -30.278090;1.248440;-14.097478;,
   -29.958010;0.915789;-16.923946;,
   -27.757296;3.852022;-10.595658;,
   -25.393469;5.015205;-5.817573;,
   -29.939731;2.849007;-14.615938;,
   -30.340822;1.776888;-17.365963;,
   -30.350589;0.848985;-17.727536;,
   -30.523197;1.343187;-18.291866;,
   -30.606202;0.807786;-18.894038;,
   -30.186038;1.556093;-19.504757;,
   -22.518067;2.406677;-26.051267;,
   -22.002930;3.066269;-24.782714;,
   -21.030274;2.113388;-25.807859;,
   -25.290285;2.172486;-24.191646;,
   -26.638674;2.820390;-22.104488;,
   -27.236573;1.975785;-22.774654;,
   -28.909181;1.955781;-21.449947;,
   -29.963184;2.098482;-18.866062;,
   -29.810614;3.221462;-18.092952;,
   -30.177248;0.824884;-19.989742;,
   -29.481446;0.779985;-20.513546;,
   -29.115482;0.887383;-21.986568;,
   -28.408205;0.906083;-22.382077;,
   -27.620118;0.908585;-23.768307;,
   -26.702150;0.864785;-24.057858;,
   -25.810304;1.212784;-25.359616;,
   -24.269045;1.070786;-25.549802;,
   -22.996582;1.101784;-27.039546;,
   -21.404298;1.356079;-26.894285;,
   -20.587280;1.424683;-26.115477;,
   -20.193725;2.303879;-24.586424;,
   -19.799805;1.606278;-24.489256;,
   -19.803955;2.218079;-23.618406;,
   -19.821899;1.534287;-23.406981;,
   -20.327270;2.934098;-24.183835;,
   -19.657227;2.649979;-23.119382;,
   -20.330933;4.105087;-23.452635;,
   -18.024102;4.111531;-20.018688;,
   -20.308472;1.142281;-22.714354;,
   -17.696045;1.789186;-21.092771;,
   -16.560125;2.835745;-18.572125;,
   -17.406686;5.814933;-15.429906;,
   -16.269579;4.090897;-14.710499;,
   -16.159878;8.144525;-9.596432;,
   -15.559112;5.964602;-8.849421;,
   -14.198782;9.466514;-5.871622;,
   -18.191654;10.346627;-10.231197;,
   -17.409306;11.892831;-7.369064;,
   -19.532211;7.990919;-14.969491;,
   -21.249675;5.477530;-20.895907;,
   -21.722533;4.371650;-23.950909;,
   -26.206656;3.915968;-21.218234;,
   -28.644298;4.143593;-16.182970;,
   -24.476590;4.872634;-19.112430;,
   -26.195734;5.981457;-11.965835;,
   -22.594469;7.731781;-13.631274;,
   -20.849470;10.484055;-9.276239;,
   -23.839154;8.189049;-7.575666;,
   -22.876843;9.273802;-5.634964;,
   -23.451715;6.047649;-1.569302;,
   -23.287326;9.421066;-1.912602;,
   -22.337242;8.606814;-0.956373;,
   -20.449946;6.095814;2.911907;,
   -16.760485;6.452442;4.344963;,
   -19.551731;9.293614;2.918586;,
   -21.609032;11.132585;-0.425061;,
   -23.108386;11.408266;-3.434470;,
   -19.675042;12.351324;-6.654898;,
   -19.203091;11.708368;2.814325;,
   -21.401122;13.092587;-0.242208;,
   -17.645101;15.639138;-5.900735;,
   -15.412469;12.562585;-6.016424;,
   -13.677576;7.312517;-4.248360;,
   -13.631032;9.816586;-3.314230;,
   -14.413773;12.942419;-3.070600;,
   -14.722219;15.252422;-3.908002;,
   -12.982299;4.100115;-3.520270;,
   -14.712395;3.407967;-7.796309;,
   -16.204893;2.645705;-11.429401;,
   -17.286928;1.215868;-17.580894;,
   -16.941051;1.894745;-14.873061;,
   -18.737173;1.144992;-10.449032;,
   -16.910550;1.019366;-7.382049;,
   -15.464938;0.718725;-5.315942;,
   -13.105791;1.786952;-2.893707;,
   -15.464938;0.718725;-5.315942;,
   -13.105791;1.786952;-2.893707;,
   -14.770085;0.266525;-1.223142;,
   -12.922386;3.833288;1.278443;,
   -12.982299;4.100115;-3.520270;,
   -13.231706;1.837712;1.296202;,
   -18.335160;0.134696;1.201865;,
   -16.910550;1.019366;-7.382049;,
   -13.631032;9.816586;-3.314230;,
   -13.653477;6.763466;1.489265;,
   -13.677576;7.312517;-4.248360;,
   -16.582123;3.644189;4.632368;,
   -16.746568;1.627328;4.044110;,
   -21.317032;1.253921;2.084033;,
   -21.300568;3.472911;2.744780;,
   -14.413773;12.942419;-3.070600;,
   -14.645794;9.817774;1.289975;,
   -17.181563;9.927953;3.492170;,
   -17.136701;12.240075;3.400700;,
   -1.354710;183.230451;-0.309590;,
   0.105332;184.880845;-0.769702;,
   -0.718739;185.015616;-1.036898;,
   0.034611;183.253888;-0.018526;,
   -1.609364;182.515610;-0.311757;,
   -1.023419;181.683584;-0.128363;,
   0.112410;178.671859;0.348874;,
   -2.902394;178.894515;-0.323424;,
   0.050010;175.539046;-0.771128;,
   -20.748432;14.485670;-4.669220;,
   -21.540754;12.714566;-4.398497;,
   -21.621989;12.803852;-2.765199;,
   0.211785;189.736307;-6.285662;,
   -3.304676;189.505843;-8.997698;,
   -0.557960;189.431629;-5.667376;,
   0.131512;190.218739;-8.679826;,
   0.025012;190.103501;-11.688127;,
   0.068110;173.808576;-1.765124;,
   3.209696;171.726554;-1.418322;,
   2.810495;173.667955;-2.151522;,
   4.092203;172.675763;-2.593523;,
   4.628306;173.943347;-3.296923;,
   2.817820;178.894515;-0.323424;,
   0.034611;183.253888;-0.018526;,
   0.112410;178.671859;0.348874;,
   0.050010;175.539046;-0.771128;,
   2.695200;175.431629;-1.394625;,
   0.068110;173.808576;-1.765124;,
   2.810495;173.667955;-2.151522;,
   4.628306;173.943347;-3.296923;,
   3.492901;188.822246;-5.366045;,
   1.843700;188.593741;-4.295763;,
   2.826610;187.494131;-3.252825;,
   3.605419;186.623027;-2.464022;,
   1.296596;187.654285;-2.968493;,
   0.188711;186.798810;-1.655322;,
   0.105332;184.880845;-0.769702;,
   3.299815;183.195302;-0.734828;,
   5.750437;178.951155;-2.614428;,
   6.305612;176.001933;-4.745836;,
   5.174936;175.667955;-3.184618;,
   5.888132;174.505843;-5.145830;,
   6.700937;175.060531;-7.212542;,
   7.103586;176.576154;-6.425249;,
   7.154794;175.925760;-8.636126;,
   7.541391;177.124979;-8.440447;,
   7.782724;176.849600;-8.974626;,
   7.755626;178.458970;-9.418535;,
   7.211191;174.333965;-9.443742;,
   6.645700;173.699200;-9.059710;,
   7.570017;175.462874;-9.316912;,
   6.700937;175.060531;-7.212542;,
   6.764536;173.716787;-7.998614;,
   7.364206;178.742170;-5.534014;,
   7.788401;179.201152;-9.071428;,
   7.474803;182.804672;-5.797502;,
   7.735484;182.892557;-9.328814;,
   6.385509;186.458970;-6.094500;,
   5.837230;185.464832;-3.648638;,
   6.088512;182.742170;-2.796923;,
   7.679698;179.736307;-10.562029;,
   3.220104;189.505843;-8.997698;,
   6.377636;186.843738;-9.942217;,
   6.558727;185.699200;-13.221574;,
   5.280223;186.791002;-14.661150;,
   5.545787;187.359360;-12.405779;,
   3.203197;189.224589;-12.187883;,
   0.025012;190.103501;-11.688127;,
   0.131512;190.218739;-8.679826;,
   0.211785;189.736307;-6.285662;,
   2.231747;189.052723;-5.093340;,
   7.735606;179.251942;-10.576433;,
   7.693186;178.810534;-11.738054;,
   7.587901;179.251942;-12.221574;,
   7.468089;182.400371;-12.509538;,
   28.323405;1.651192;-9.999624;,
   27.128432;0.031485;-14.411082;,
   30.193421;1.248400;-14.097427;,
   25.865757;2.095914;-5.152718;,
   25.241936;0.276911;-10.303657;,
   20.195280;0.526298;-14.287784;,
   23.710203;0.167786;-17.884638;,
   19.544434;0.025786;-19.873043;,
   29.873290;0.915789;-16.923944;,
   28.288816;0.553088;-17.697992;,
   24.904539;0.801989;-21.460443;,
   20.223755;1.142282;-22.714352;,
   17.611450;1.789187;-21.092770;,
   17.202416;1.215823;-17.580898;,
   16.856560;1.894676;-14.873069;,
   20.502563;1.424684;-26.115475;,
   20.172851;0.572984;-24.236080;,
   19.715088;1.606279;-24.489254;,
   19.737182;1.534288;-23.406979;,
   21.972899;0.048186;-23.877437;,
   23.869870;0.370786;-24.385494;,
   25.859618;0.409285;-22.884515;,
   27.794918;0.345186;-20.939203;,
   29.415037;0.080586;-19.094843;,
   21.072510;0.347085;-26.120114;,
   22.509275;0.230384;-26.471920;,
   30.266112;0.848986;-17.727533;,
   30.521482;0.807787;-18.894037;,
   30.092528;0.824885;-19.989741;,
   29.396970;0.779986;-20.513544;,
   29.031005;0.887384;-21.986566;,
   28.323485;0.906084;-22.382074;,
   27.535398;0.908586;-23.768306;,
   26.617430;0.864786;-24.057856;,
   25.725829;1.212785;-25.359613;,
   24.184325;1.070787;-25.549802;,
   22.911864;1.101785;-27.039546;,
   21.319824;1.356080;-26.894285;,
   20.109131;2.303880;-24.586422;,
   20.502563;1.424684;-26.115475;,
   19.715088;1.606279;-24.489254;,
   20.945557;2.113389;-25.807858;,
   21.319824;1.356080;-26.894285;,
   22.433592;2.406678;-26.051266;,
   22.911864;1.101785;-27.039546;,
   24.184325;1.070787;-25.549802;,
   19.573410;2.650005;-23.119357;,
   20.223755;1.142282;-22.714352;,
   17.611450;1.789187;-21.092770;,
   19.737182;1.534288;-23.406979;,
   19.719238;2.218080;-23.618405;,
   20.242554;2.934099;-24.183834;,
   21.918211;3.066270;-24.782710;,
   25.205565;2.172487;-24.191646;,
   25.725829;1.212785;-25.359613;,
   26.617430;0.864786;-24.057856;,
   16.475603;2.835701;-18.572133;,
   17.202416;1.215823;-17.580898;,
   17.939461;4.111492;-20.018688;,
   20.247107;4.105171;-23.452610;,
   21.637835;4.371647;-23.950906;,
   26.553954;2.820390;-22.104486;,
   27.151853;1.975786;-22.774653;,
   28.824704;1.955782;-21.449946;,
   27.535398;0.908586;-23.768306;,
   28.323485;0.906084;-22.382074;,
   29.031005;0.887384;-21.986566;,
   29.396970;0.779986;-20.513544;,
   30.101315;1.556094;-19.504755;,
   30.092528;0.824885;-19.989741;,
   30.521482;0.807787;-18.894037;,
   30.438720;1.343188;-18.291864;,
   26.121954;3.915962;-21.218226;,
   29.878477;2.098479;-18.866053;,
   30.256102;1.776888;-17.365962;,
   29.726176;3.221453;-18.092931;,
   29.855082;2.848988;-14.615890;,
   28.559901;4.143570;-16.182925;,
   26.111344;5.981408;-11.965782;,
   24.391950;4.872598;-19.112406;,
   21.165264;5.477495;-20.895894;,
   27.672643;3.851974;-10.595600;,
   25.308781;5.015118;-5.817514;,
   22.792397;9.273716;-5.634927;,
   23.754480;8.188963;-7.575620;,
   22.509963;7.731706;-13.631242;,
   19.447643;7.990849;-14.969485;,
   20.764813;10.483970;-9.276219;,
   18.107248;10.346542;-10.231199;,
   16.075346;8.144194;-9.596238;,
   17.322117;5.814867;-15.429912;,
   16.185013;4.090766;-14.710514;,
   16.120253;2.645619;-11.429419;,
   15.474450;5.964149;-8.848957;,
   14.114098;9.464842;-5.869644;,
   17.324627;11.892757;-7.369072;,
   19.590485;12.351238;-6.654888;,
   23.023675;11.408187;-3.434434;,
   21.456051;12.714493;-4.398475;,
   20.663496;14.485610;-4.669208;,
   19.630517;15.844430;-5.027040;,
   17.560392;15.639102;-5.900737;,
   15.327901;12.562512;-6.016323;,
   13.546446;9.815830;-3.312257;,
   14.636875;15.251398;-3.908032;,
   14.329304;12.942369;-3.070530;,
   13.593123;7.310113;-4.241504;,
   14.627725;3.408186;-7.796950;,
   16.825998;1.019280;-7.382062;,
   18.652534;1.144913;-10.449029;,
   16.856560;1.894676;-14.873069;,
   15.380245;0.718639;-5.315967;,
   13.021078;1.786866;-2.893752;,
   12.897591;4.100030;-3.520104;,
   18.652534;1.144913;-10.449029;,
   22.772413;0.292403;-5.449604;,
   16.825998;1.019280;-7.382062;,
   20.833566;0.143694;-1.985509;,
   15.380245;0.718639;-5.315967;,
   14.685358;0.266439;-1.223173;,
   18.250534;0.134609;1.201864;,
   13.146958;1.837627;1.296158;,
   13.021078;1.786866;-2.893752;,
   12.837637;3.833202;1.278503;,
   12.897591;4.100030;-3.520104;,
   23.591410;2.459383;-1.074545;,
   21.232275;1.253835;2.084058;,
   16.661797;1.627242;4.044096;,
   21.215805;3.472825;2.744804;,
   16.497222;3.644103;4.632353;,
   13.568848;6.763746;1.490323;,
   13.593123;7.310113;-4.241504;,
   13.546446;9.815830;-3.312257;,
   23.367235;6.047562;-1.569259;,
