xof 0303txt 0032
template ColorRGBA {
 <35ff44e0-6c7c-11cf-8f52-0040333594a3>
 FLOAT red;
 FLOAT green;
 FLOAT blue;
 FLOAT alpha;
}

template ColorRGB {
 <d3e16e81-7835-11cf-8f52-0040333594a3>
 FLOAT red;
 FLOAT green;
 FLOAT blue;
}

template Material {
 <3d82ab4d-62da-11cf-ab39-0020af71e433>
 ColorRGBA faceColor;
 FLOAT power;
 ColorRGB specularColor;
 ColorRGB emissiveColor;
 [...]
}

template TextureFilename {
 <a42790e1-7810-11cf-8f52-0040333594a3>
 STRING filename;
}

template Frame {
 <3d82ab46-62da-11cf-ab39-0020af71e433>
 [...]
}

template Matrix4x4 {
 <f6f23f45-7686-11cf-8f52-0040333594a3>
 array FLOAT matrix[16];
}

template FrameTransformMatrix {
 <f6f23f41-7686-11cf-8f52-0040333594a3>
 Matrix4x4 frameMatrix;
}

template Vector {
 <3d82ab5e-62da-11cf-ab39-0020af71e433>
 FLOAT x;
 FLOAT y;
 FLOAT z;
}

template MeshFace {
 <3d82ab5f-62da-11cf-ab39-0020af71e433>
 DWORD nFaceVertexIndices;
 array DWORD faceVertexIndices[nFaceVertexIndices];
}

template Mesh {
 <3d82ab44-62da-11cf-ab39-0020af71e433>
 DWORD nVertices;
 array Vector vertices[nVertices];
 DWORD nFaces;
 array MeshFace faces[nFaces];
 [...]
}

template MeshMaterialList {
 <f6f23f42-7686-11cf-8f52-0040333594a3>
 DWORD nMaterials;
 DWORD nFaceIndexes;
 array DWORD faceIndexes[nFaceIndexes];
 [Material <3d82ab4d-62da-11cf-ab39-0020af71e433>]
}

template VertexElement {
 <f752461c-1e23-48f6-b9f8-8350850f336f>
 DWORD Type;
 DWORD Method;
 DWORD Usage;
 DWORD UsageIndex;
}

template DeclData {
 <bf22e553-292c-4781-9fea-62bd554bdd93>
 DWORD nElements;
 array VertexElement Elements[nElements];
 DWORD nDWords;
 array DWORD data[nDWords];
}

template XSkinMeshHeader {
 <3cf169ce-ff7c-44ab-93c0-f78f62d172e2>
 WORD nMaxSkinWeightsPerVertex;
 WORD nMaxSkinWeightsPerFace;
 WORD nBones;
}

template SkinWeights {
 <6f0d123b-bad2-4167-a0d0-80224f25fabb>
 STRING transformNodeName;
 DWORD nWeights;
 array DWORD vertexIndices[nWeights];
 array FLOAT weights[nWeights];
 Matrix4x4 matrixOffset;
}

template AnimTicksPerSecond {
 <9e415a43-7ba6-4a73-8743-b73d47e88476>
 DWORD AnimTicksPerSecond;
}

template Animation {
 <3d82ab4f-62da-11cf-ab39-0020af71e433>
 [...]
}

template AnimationSet {
 <3d82ab50-62da-11cf-ab39-0020af71e433>
 [Animation <3d82ab4f-62da-11cf-ab39-0020af71e433>]
}

template FloatKeys {
 <10dd46a9-775b-11cf-8f52-0040333594a3>
 DWORD nValues;
 array FLOAT values[nValues];
}

template TimedFloatKeys {
 <f406b180-7b3b-11cf-8f52-0040333594a3>
 DWORD time;
 FloatKeys tfkeys;
}

template AnimationKey {
 <10dd46a8-775b-11cf-8f52-0040333594a3>
 DWORD keyType;
 DWORD nKeys;
 array TimedFloatKeys keys[nKeys];
}


Material _01_-_Default {
 1.000000;1.000000;1.000000;1.000000;;
 9.999999;
 0.000000;0.000000;0.000000;;
 0.000000;0.000000;0.000000;;

 TextureFilename {
  "ZED_Bloat_D.tga";
 }
}

Frame ScreneRoot {
 

 FrameTransformMatrix {
  1.000000,0.000000,0.000000,0.000000,0.000000,1.000000,0.000000,0.000000,0.000000,0.000000,1.000000,0.000000,0.000000,0.000000,0.000000,1.000000;;
 }

 Frame Root {
  

  FrameTransformMatrix {
   1.000000,-0.000000,0.000000,0.000000,0.000000,1.000000,-0.000000,0.000000,-0.000000,0.000000,1.000000,0.000000,0.000000,0.000000,0.000000,1.000000;;
  }

  Frame Hips {
   

   FrameTransformMatrix {
    1.000000,0.000000,-0.000000,0.000000,-0.000000,1.000000,0.000000,0.000000,0.000000,0.000000,1.000000,0.000000,-0.000000,75.903398,3.243662,1.000000;;
   }

   Frame RightUpLeg {
    

    FrameTransformMatrix {
     -0.041610,0.993883,-0.102297,0.000000,0.971626,0.016393,-0.235954,0.000000,-0.232834,-0.109212,-0.966365,0.000000,-23.775174,0.000000,0.000000,1.000000;;
    }

    Frame RightLeg {
     

     FrameTransformMatrix {
      0.994389,0.000000,0.105783,0.000000,-0.000000,1.000000,-0.000000,0.000000,-0.105783,0.000000,0.994390,0.000000,-33.901203,-0.000004,0.000011,1.000000;;
     }

     Frame RightFoot {
      

      FrameTransformMatrix {
       0.976754,0.016392,-0.213735,0.000000,-0.023106,0.999314,-0.028950,0.000000,0.213114,0.033215,0.976463,0.000000,-31.495741,0.000008,0.000000,1.000000;;
      }

      Frame RightToeBase {
       

       FrameTransformMatrix {
        -0.000000,0.000000,-1.000000,0.000000,-0.000000,1.000000,-0.000000,0.000000,1.000000,0.000000,0.000000,0.000000,-7.649126,0.000000,14.756590,1.000000;;
       }
      }
     }
    }
   }

   Frame LeftUpLeg {
    

    FrameTransformMatrix {
     -0.041610,-0.993883,0.102296,0.000000,0.971627,-0.016393,0.235954,0.000000,-0.232833,0.109212,0.966365,0.000000,23.775173,0.000000,0.000000,1.000000;;
    }

    Frame LeftLeg {
     

     FrameTransformMatrix {
      0.994389,0.000000,0.105783,0.000000,0.000000,1.000000,-0.000000,0.000000,-0.105783,0.000000,0.994389,0.000000,33.901165,0.000002,-0.000002,1.000000;;
     }

     Frame LeftFoot {
      

      FrameTransformMatrix {
       0.976754,0.016393,-0.213735,0.000000,-0.023106,0.999314,-0.028949,0.000000,0.213114,0.033214,0.976463,0.000000,31.495754,-0.000008,0.000003,1.000000;;
      }

      Frame LeftToeBase {
       

       FrameTransformMatrix {
        -0.000000,0.000001,-1.000000,0.000000,0.000000,1.000000,0.000001,0.000000,1.000000,-0.000000,-0.000000,0.000000,7.649118,0.000004,-14.756602,1.000000;;
       }
      }
     }
    }
   }

   Frame Spine {
    

    FrameTransformMatrix {
     -0.000000,0.998736,0.050268,0.000000,1.000000,0.000000,0.000000,0.000000,0.000000,0.050268,-0.998736,0.000000,-0.000000,20.166160,0.000000,1.000000;;
    }

    Frame Spine1 {
     

     FrameTransformMatrix {
      0.999249,-0.000000,-0.038731,0.000000,0.000000,1.000000,-0.000001,0.000000,0.038731,0.000001,0.999250,0.000000,21.792915,0.000004,-0.000000,1.000000;;
     }

     Frame Spine2 {
      

      FrameTransformMatrix {
       0.987178,0.000000,0.159624,0.000000,-0.000000,1.000000,-0.000001,0.000000,-0.159624,0.000001,0.987178,0.000000,30.084938,0.000007,-0.000000,1.000000;;
      }

      Frame neck {
       

       FrameTransformMatrix {
        0.996696,-0.000000,0.081226,0.000000,0.000000,1.000000,0.000002,0.000000,-0.081226,-0.000002,0.996696,0.000000,22.526245,-0.000003,0.000006,1.000000;;
       }

       Frame head {
        

        FrameTransformMatrix {
         0.996655,0.000000,-0.081724,0.000000,-0.000000,1.000000,0.000000,0.000000,0.081724,-0.000000,0.996655,0.000000,10.985581,0.000000,-0.000002,1.000000;;
        }

        Frame Jaw {
         

         FrameTransformMatrix {
          0.070721,0.000000,0.997496,0.000000,-0.000000,-1.000000,0.000000,0.000000,0.997496,-0.000000,-0.070721,0.000000,2.815018,0.000001,3.043832,1.000000;;
         }

         Frame Face_Lip_Lower {
          

          FrameTransformMatrix {
           1.000000,-0.000000,0.000000,0.000000,-0.000000,1.000000,-0.000000,0.000000,-0.000000,-0.000000,1.000000,0.000000,12.434361,-0.000003,-4.732605,1.000000;;
          }
         }

         Frame Right_Face_Lip_Lower {
          

          FrameTransformMatrix {
           1.000000,-0.000000,0.000000,0.000000,-0.000000,1.000000,-0.000000,0.000000,-0.000000,-0.000000,1.000000,0.000000,11.807171,3.370238,-4.918610,1.000000;;
          }
         }

         Frame Left_Face_Lip_Lower {
          

          FrameTransformMatrix {
           1.000000,-0.000000,0.000000,0.000000,-0.000000,1.000000,-0.000000,0.000000,-0.000000,-0.000000,1.000000,0.000000,11.807169,-3.370240,-4.918610,1.000000;;
          }
         }
        }

        Frame Face_Lip_Upper {
         

         FrameTransformMatrix {
          0.070721,0.000000,0.997496,0.000000,-0.000000,-1.000000,0.000000,0.000000,0.997496,-0.000000,-0.070721,0.000000,3.675690,0.000005,16.221901,1.000000;;
         }
        }

        Frame Face_EyeBrow {
         

         FrameTransformMatrix {
          0.070721,0.000000,0.997496,0.000000,0.000097,-1.000000,-0.000007,0.000000,0.997496,0.000097,-0.070721,0.000000,12.597686,0.000004,13.762504,1.000000;;
         }
        }

        Frame Face_EyeBrow_L {
         

         FrameTransformMatrix {
          0.070721,0.000000,0.997496,0.000000,0.000097,-1.000000,-0.000007,0.000000,0.997496,0.000097,-0.070721,0.000000,13.546051,2.844977,14.109870,1.000000;;
         }
        }

        Frame Eye_R {
         

         FrameTransformMatrix {
          0.070721,0.000000,0.997496,0.000000,0.000097,-1.000000,-0.000007,0.000000,0.997496,0.000097,-0.070721,0.000000,11.098389,-4.386197,9.364853,1.000000;;
         }
        }

        Frame Face_EyeBrow_R {
         

         FrameTransformMatrix {
          0.070721,0.000000,0.997496,0.000000,0.000097,-1.000000,-0.000007,0.000000,0.997496,0.000097,-0.070721,0.000000,13.546051,-2.844967,14.109872,1.000000;;
         }
        }

        Frame Eye_L {
         

         FrameTransformMatrix {
          0.070721,0.000000,0.997496,0.000000,0.000097,-1.000000,-0.000007,0.000000,0.997496,0.000097,-0.070721,0.000000,11.098389,4.386202,9.364853,1.000000;;
         }
        }

        Frame Face_eyelid_LTop {
         

         FrameTransformMatrix {
          0.070721,0.000000,0.997496,0.000000,0.000097,-1.000000,-0.000007,0.000000,0.997496,0.000097,-0.070721,0.000000,11.582901,5.216714,11.892075,1.000000;;
         }
        }

        Frame Face_eyelid_RTop {
         

         FrameTransformMatrix {
          0.070721,0.000000,0.997496,0.000000,0.000097,-1.000000,-0.000007,0.000000,0.997496,0.000097,-0.070721,0.000000,11.582901,-5.216707,11.892079,1.000000;;
         }
        }

        Frame Face_eyelid_Rbottom {
         

         FrameTransformMatrix {
          0.070721,0.000000,0.997496,0.000000,0.000097,-1.000000,-0.000007,0.000000,0.997496,0.000097,-0.070721,0.000000,10.306290,-5.216707,12.171191,1.000000;;
         }
        }

        Frame Face_eyelid_Lbottom {
         

         FrameTransformMatrix {
          0.070721,0.000000,0.997496,0.000000,0.000097,-1.000000,-0.000007,0.000000,0.997496,0.000097,-0.070721,0.000000,10.306290,5.216714,12.171187,1.000000;;
         }
        }

        Frame Left_Face_Lip_Upper {
         

         FrameTransformMatrix {
          0.070721,0.000000,0.997496,0.000000,-0.000000,-1.000000,0.000000,0.000000,0.997496,-0.000000,-0.070721,0.000000,3.143051,3.763636,14.086691,1.000000;;
         }
        }

        Frame Right_Face_Lip_Upper {
         

         FrameTransformMatrix {
          0.070721,0.000000,0.997496,0.000000,-0.000000,-1.000000,0.000000,0.000000,0.997496,-0.000000,-0.070721,0.000000,3.143051,-3.763625,14.086694,1.000000;;
         }
        }

        Frame Left_Face_Lip_Corner {
         

         FrameTransformMatrix {
          0.070721,0.000000,0.997496,0.000000,-0.000000,-1.000000,0.000000,0.000000,0.997496,-0.000000,-0.070721,0.000000,-0.620728,6.071364,12.339134,1.000000;;
         }
        }

        Frame Right_Face_Lip_Corner {
         

         FrameTransformMatrix {
          0.070721,0.000000,0.997496,0.000000,-0.000000,-1.000000,0.000000,0.000000,0.997496,-0.000000,-0.070721,0.000000,-0.620728,-6.071356,12.339138,1.000000;;
         }
        }

        Frame gore_jaw {
         

         FrameTransformMatrix {
          0.000000,1.000000,-0.000000,0.000000,0.070722,0.000000,0.997496,0.000000,0.997496,0.000000,-0.070721,0.000000,-2.371994,0.000006,18.538101,1.000000;;
         }
        }

        Frame Gore_FrontL {
         

         FrameTransformMatrix {
          0.000000,1.000000,-0.000000,0.000000,0.070722,0.000000,0.997496,0.000000,0.997496,0.000000,-0.070721,0.000000,19.940216,4.000004,14.394186,1.000000;;
         }
        }

        Frame Gore_FrontR {
         

         FrameTransformMatrix {
          0.000000,1.000000,-0.000000,0.000000,0.070722,0.000000,0.997496,0.000000,0.997496,0.000000,-0.070721,0.000000,19.940216,-3.999995,14.394187,1.000000;;
         }
        }

        Frame Gore_BackR {
         

         FrameTransformMatrix {
          0.000000,1.000000,-0.000000,0.000000,0.070722,0.000000,0.997496,0.000000,0.997496,0.000000,-0.070721,0.000000,17.773560,-4.000005,-16.165629,1.000000;;
         }
        }

        Frame Gore_BackL {
         

         FrameTransformMatrix {
          0.000000,1.000000,-0.000000,0.000000,0.070722,0.000000,0.997496,0.000000,0.997496,0.000000,-0.070721,0.000000,17.773574,3.999995,-16.165637,1.000000;;
         }
        }
       }
      }

      Frame RightShoulder {
       

       FrameTransformMatrix {
        0.063861,0.857124,0.511136,0.000000,-0.996955,0.031830,0.071183,0.000000,0.044743,-0.514126,0.856547,0.000000,11.428589,-5.939450,4.702666,1.000000;;
       }

       Frame RightArm {
        

        FrameTransformMatrix {
         0.670849,-0.600739,-0.434829,0.000000,0.659322,0.751564,-0.021131,0.000000,0.339496,-0.272516,0.900265,0.000000,-27.612387,0.000000,0.000000,1.000000;;
        }

        Frame RightForearm {
         

         FrameTransformMatrix {
          0.911170,0.000000,-0.412030,0.000000,-0.000000,1.000000,-0.000000,0.000000,0.412030,0.000000,0.911171,0.000000,-27.362282,0.000000,0.000000,1.000000;;
         }

         Frame RightHand {
          

          FrameTransformMatrix {
           0.968742,0.010187,0.247860,0.000000,-0.010998,0.999938,0.001888,0.000000,-0.247825,-0.004555,0.968794,0.000000,-27.610547,0.000046,-0.000011,1.000000;;
          }

          Frame Right_WeaponA {
           

           FrameTransformMatrix {
            -0.028345,-0.002200,0.999596,0.000000,0.010998,-0.999938,-0.001889,0.000000,0.999538,0.010940,0.028367,0.000000,-5.008144,5.352326,0.999493,1.000000;;
           }
          }
         }

         Frame RightForeArmTwist1 {
          

          FrameTransformMatrix {
           1.000000,0.000000,0.000000,0.000000,-0.000001,1.000000,0.000000,0.000000,0.000000,-0.000000,1.000000,0.000000,-18.000000,0.000046,-0.000004,1.000000;;
          }
         }
        }

        Frame RightArmTwist1 {
         

         FrameTransformMatrix {
          1.000000,-0.000000,-0.000000,0.000000,0.000000,1.000000,-0.000000,0.000000,0.000000,-0.000000,1.000000,0.000000,-5.000000,0.000000,0.000000,1.000000;;
         }

         Frame RightArmJiggle {
          

          FrameTransformMatrix {
           0.981397,-0.160152,0.105887,0.000000,0.126470,0.954216,0.271065,0.000000,-0.144451,-0.252631,0.956719,0.000000,-11.671287,9.864227,-6.871712,1.000000;;
          }
         }
        }
       }
      }

      Frame LeftShoulder {
       

       FrameTransformMatrix {
        -0.063861,0.857126,-0.511134,0.000000,0.996955,0.031830,-0.071183,0.000000,-0.044743,-0.514123,-0.856549,0.000000,11.428589,5.939433,4.702684,1.000000;;
       }

       Frame LeftArm {
        

        FrameTransformMatrix {
         0.670848,-0.600739,-0.434829,0.000000,0.659322,0.751564,-0.021132,0.000000,0.339496,-0.272516,0.900265,0.000000,27.612378,0.000000,-0.000004,1.000000;;
        }

        Frame LeftForearm {
         

         FrameTransformMatrix {
          0.911170,-0.000000,-0.412030,0.000000,0.000000,1.000000,-0.000000,0.000000,0.412030,0.000000,0.911171,0.000000,27.362285,0.000015,-0.000004,1.000000;;
         }

         Frame LeftHand {
          

          FrameTransformMatrix {
           0.968743,0.010187,0.247860,0.000000,-0.010999,0.999938,0.001890,0.000000,-0.247825,-0.004557,0.968794,0.000000,27.610538,0.000000,0.000004,1.000000;;
          }

          Frame Left_WeaponA {
           

           FrameTransformMatrix {
            0.033192,-0.011114,0.999387,0.000000,-0.019019,-0.999764,-0.010487,0.000000,0.999268,-0.018659,-0.033395,0.000000,5.885071,-4.380875,-0.663353,1.000000;;
           }
          }
         }

         Frame LeftForeArmTwist1 {
          

          FrameTransformMatrix {
           1.000000,0.000001,-0.000000,0.000000,-0.000001,1.000000,-0.000000,0.000000,0.000000,0.000000,1.000000,0.000000,18.000000,0.000000,0.000000,1.000000;;
          }
         }
        }

        Frame LeftArmTwist1 {
         

         FrameTransformMatrix {
          1.000000,0.000000,-0.000000,0.000000,-0.000000,1.000000,-0.000000,0.000000,0.000000,-0.000000,1.000000,0.000000,5.000008,0.000000,0.000000,1.000000;;
         }

         Frame LeftArmJiggle {
          

          FrameTransformMatrix {
           0.981397,-0.160152,0.105887,0.000000,0.126470,0.954216,0.271066,0.000000,-0.144451,-0.252632,0.956719,0.000000,11.671246,-9.864227,6.871714,1.000000;;
          }
         }
        }
       }
      }

      Frame LeftBreastJiggle {
       

       FrameTransformMatrix {
        0.071219,-0.000002,0.997461,0.000000,-0.000000,-1.000000,-0.000002,0.000000,0.997461,-0.000000,-0.071219,0.000000,-19.568893,23.416632,31.367514,1.000000;;
       }
      }

      Frame RightBreastJiggle {
       

       FrameTransformMatrix {
        0.071219,-0.000002,0.997461,0.000000,-0.000000,-1.000000,-0.000002,0.000000,0.997461,-0.000000,-0.071219,0.000000,-19.568893,-23.416720,31.367440,1.000000;;
       }
      }

      Frame LeftUpperBackJiggle {
       

       FrameTransformMatrix {
        0.071219,-0.000002,0.997461,0.000000,-0.000000,-1.000000,-0.000002,0.000000,0.997461,-0.000000,-0.071219,0.000000,-3.334122,7.797083,-28.377469,1.000000;;
       }
      }

      Frame RightUpperBackJiggle {
       

       FrameTransformMatrix {
        0.071219,-0.000002,0.997461,0.000000,-0.000000,-1.000000,-0.000002,0.000000,0.997461,-0.000000,-0.071219,0.000000,-3.338913,-7.798209,-28.377430,1.000000;;
       }
      }
     }

     Frame RightLowerBackJiggle {
      

      FrameTransformMatrix {
       -0.088912,-0.000001,0.996040,0.000000,0.000000,-1.000000,-0.000001,0.000000,0.996040,0.000000,0.088913,0.000000,6.091476,-29.848650,-24.060160,1.000000;;
      }
     }

     Frame LeftLowerBackJiggle {
      

      FrameTransformMatrix {
       -0.088912,-0.000001,0.996040,0.000000,0.000000,-1.000000,-0.000001,0.000000,0.996040,0.000000,0.088913,0.000000,6.091461,29.848682,-24.060123,1.000000;;
      }
     }
    }

    Frame BellyJiggle {
     

     FrameTransformMatrix {
      -0.050268,-0.000000,0.998736,0.000000,0.000000,-1.000000,-0.000000,0.000000,0.998735,0.000000,0.050268,0.000000,-25.555763,-0.000008,37.310630,1.000000;;
     }
    }

    Frame Gore_Abdomen {
     

     FrameTransformMatrix {
      -0.000000,1.000000,0.000000,0.000000,-0.050267,-0.000000,0.998736,0.000000,0.998735,0.000000,0.050267,0.000000,-31.977158,-0.000009,45.978349,1.000000;;
     }
    }
   }

   Frame LeftButtockJiggle {
    

    FrameTransformMatrix {
     -0.000001,-0.000000,-1.000000,0.000000,-1.000000,-0.000000,0.000001,0.000000,-0.000000,1.000000,-0.000000,0.000000,22.203110,4.335846,34.836310,1.000000;;
    }
   }

   Frame RightButtockJiggle {
    

    FrameTransformMatrix {
     -0.000000,-0.000000,-1.000000,0.000000,-1.000000,-0.000000,0.000000,0.000000,0.000000,1.000000,-0.000000,0.000000,-22.201662,4.335892,34.836310,1.000000;;
    }
   }

   Frame RightBellyJiggle {
    

    FrameTransformMatrix {
     -0.000001,-0.000000,-1.000000,0.000000,-1.000000,-0.000000,0.000001,0.000000,-0.000000,1.000000,-0.000000,0.000000,-17.306000,-13.596222,-31.101107,1.000000;;
    }
   }

   Frame LeftBellyJiggle {
    

    FrameTransformMatrix {
     -0.000001,-0.000000,-1.000000,0.000000,-1.000000,-0.000000,0.000001,0.000000,-0.000000,1.000000,-0.000000,0.000000,17.305989,-13.596222,-31.101107,1.000000;;
    }
   }
  }
 }

 Frame Bloat_OptMesh_Rig_Master {
  

  FrameTransformMatrix {
   1.000000,0.000000,0.000000,0.000000,0.000000,1.000000,0.000000,0.000000,0.000000,0.000000,1.000000,0.000000,0.000000,0.000000,0.000000,1.000000;;
  }

  Mesh Bloat_OptMesh_Rig_Master {
   5504;
   -77.579091;121.660147;-1.197617;,
   -79.466790;123.077146;-0.854821;,
   -77.796378;122.285146;-0.883996;,
   2.975097;181.128896;-9.391319;,
   2.431473;181.025370;-9.896507;,
   1.880417;180.232410;-9.059410;,
   2.579727;180.359360;-8.721642;,
   3.593811;180.886707;-8.573875;,
   2.975097;181.128896;-9.391319;,
   4.132141;180.802714;-9.059959;,
   4.628570;181.066394;-8.637352;,
   4.804290;181.187482;-9.252770;,
   4.387146;181.173811;-7.550194;,
   3.636780;180.849600;-9.835716;,
   3.089020;181.123034;-9.898033;,
   2.914428;180.800768;-10.607567;,
   2.457962;181.505843;-10.840843;,
   1.955124;180.851546;-10.518090;,
   3.636780;180.849600;-9.835716;,
   3.710480;181.134746;-10.332054;,
   3.179229;181.410138;-10.493065;,
   2.914428;180.800768;-10.607567;,
   1.554993;180.742170;-9.980797;,
   1.082985;180.980454;-10.287438;,
   -0.179401;179.890611;-9.301902;,
   0.416515;181.238272;-10.663475;,
   -0.381317;180.976550;-10.392357;,
   -1.266365;180.683584;-9.875938;,
   -1.266746;181.007795;-10.584984;,
   -1.777908;181.207014;-10.238670;,
   -1.830109;180.503885;-9.413170;,
   -2.401703;181.177715;-10.258629;,
   -2.594177;181.040998;-9.798790;,
   -3.300201;180.998029;-9.592552;,
   -2.953399;181.392563;-10.002647;,
   -2.707550;180.748032;-9.137474;,
   -3.326202;181.099597;-9.147972;,
   -3.650390;180.970688;-9.933494;,
   -3.711639;181.339827;-9.679161;,
   -4.381591;181.285146;-8.781395;,
   -3.681091;181.058573;-8.057335;,
   -4.382782;181.087872;-8.442589;,
   -4.426238;181.232410;-8.004234;,
   -2.835296;180.009754;-8.060936;,
   -3.237243;180.443341;-7.904442;,
   -3.446335;178.190413;-5.879357;,
   -1.670807;179.722637;-8.812523;,
   -0.234089;177.576154;-7.305138;,
   3.004478;178.157210;-6.268578;,
   -4.025421;181.283187;-6.998193;,
   -4.806640;180.814438;-7.111290;,
   -4.889709;180.822246;-6.633324;,
   -4.129394;181.013658;-6.113732;,
   -4.504486;178.416000;-5.362389;,
   -3.788452;180.960922;-6.455346;,
   -3.623382;181.183578;-7.361474;,
   -3.681091;181.058573;-8.057335;,
   -4.013687;177.005850;-8.293174;,
   -4.807067;180.406234;-9.333641;,
   -4.464355;180.470682;-9.840477;,
   -4.903228;180.464832;-8.743248;,
   -4.771362;177.563456;-7.105126;,
   -3.894195;180.527334;-10.124534;,
   -4.044769;181.050765;-9.880882;,
   -4.757354;180.857408;-8.857994;,
   -5.113556;180.525376;-8.358116;,
   -5.137878;180.087872;-6.966210;,
   -4.897827;178.156237;-5.878686;,
   -4.504486;178.416000;-5.362389;,
   -4.889709;180.822246;-6.633324;,
   -4.806640;180.814438;-7.111290;,
   -4.426238;181.232410;-8.004234;,
   -4.382782;181.087872;-8.442589;,
   -4.381591;181.285146;-8.781395;,
   -3.711639;181.339827;-9.679161;,
   -3.650390;180.970688;-9.933494;,
   -3.300201;180.998029;-9.592552;,
   -2.953399;181.392563;-10.002647;,
   -3.183075;181.369126;-10.323510;,
   -3.485870;180.367168;-10.762108;,
   -2.752136;180.996083;-10.650414;,
   -2.594177;181.040998;-9.798790;,
   -2.401703;181.177715;-10.258629;,
   -2.483948;181.283187;-10.734886;,
   -1.266746;181.007795;-10.584984;,
   -1.777908;181.207014;-10.238670;,
   -2.758636;180.533184;-10.766136;,
   -1.858627;181.207014;-11.149681;,
   -2.358810;180.585920;-11.182884;,
   -1.126467;176.580058;-9.311790;,
   -2.978683;176.738266;-8.895439;,
   -1.417648;180.539046;-11.168602;,
   -1.839920;180.582016;-11.250145;,
   -0.646454;181.025370;-11.154808;,
   -1.204231;180.988262;-11.130516;,
   -0.631287;180.332019;-11.342796;,
   -0.317709;180.453107;-11.127953;,
   0.896944;176.481434;-9.613731;,
   0.478474;180.457011;-11.143211;,
   0.844170;179.839834;-11.082176;,
   0.652359;180.664051;-11.298485;,
   1.175941;180.564442;-11.365868;,
   -0.631287;180.332019;-11.342796;,
   0.519264;180.937485;-11.004906;,
   1.310913;181.335923;-11.146507;,
   1.309402;180.624986;-11.027245;,
   1.554993;180.742170;-9.980797;,
   1.955124;180.851546;-10.518090;,
   1.082985;180.980454;-10.287438;,
   0.416515;181.238272;-10.663475;,
   -0.254858;180.994125;-11.072899;,
   -0.381317;180.976550;-10.392357;,
   2.411590;180.582016;-10.943870;,
   2.457962;181.505843;-10.840843;,
   2.914428;180.800768;-10.607567;,
   1.583939;180.386701;-10.914696;,
   2.275482;180.445299;-11.108787;,
   3.116607;180.501939;-10.828270;,
   3.836212;180.244122;-10.536034;,
   3.492828;180.937485;-10.633812;,
   3.710480;181.134746;-10.332054;,
   3.179229;181.410138;-10.493065;,
   3.077881;176.719706;-9.232201;,
   2.680420;180.294912;-11.081810;,
   4.026245;180.398426;-10.209557;,
   4.643615;180.244122;-9.852806;,
   3.636780;180.849600;-9.835716;,
   4.147003;180.730458;-10.057762;,
   4.047088;181.304678;-9.994102;,
   4.464782;181.101542;-9.890282;,
   4.804290;181.187482;-9.252770;,
   4.716034;180.451162;-9.577782;,
   4.938354;180.703104;-8.838341;,
   5.071563;180.443341;-9.308190;,
   3.636780;180.849600;-9.835716;,
   4.628570;181.066394;-8.637352;,
   5.247436;180.830067;-8.183678;,
   4.675262;181.253888;-8.078942;,
   4.387146;181.173811;-7.550194;,
   5.022460;180.958963;-7.384423;,
   5.357055;180.601549;-8.002953;,
   5.388488;180.484365;-8.578026;,
   4.537292;177.499981;-7.698205;,
   5.441406;177.841779;-7.036034;,
   4.537780;181.216781;-6.666589;,
   5.141723;180.886707;-6.790551;,
   5.619934;180.396467;-7.594322;,
   5.092682;178.392563;-5.886925;,
   4.349395;181.013658;-6.291711;,
   -2.229538;182.953114;-10.300439;,
   -1.507675;182.798810;-11.031762;,
   -0.560169;183.611315;-10.678002;,
   -0.115020;183.085926;-11.060082;,
   0.587208;183.052723;-11.027490;,
   1.736679;183.355456;-10.530298;,
   -1.305237;182.705062;-11.530419;,
   -0.168573;182.886707;-11.667626;,
   -1.751587;182.285146;-11.702904;,
   -2.670990;182.691392;-10.702294;,
   -3.135467;182.636698;-9.929650;,
   -2.878448;183.324198;-8.866784;,
   -3.394592;182.697254;-8.946374;,
   -3.138458;182.800768;-7.774560;,
   -3.505432;182.623027;-7.953882;,
   -2.516113;182.322253;-11.230370;,
   -3.493011;182.333965;-9.445762;,
   -3.726349;182.218739;-8.379722;,
   -3.735840;181.947251;-7.699548;,
   -4.337341;182.261709;-9.340477;,
   -4.684692;181.986317;-8.861229;,
   -3.817016;182.105459;-9.905662;,
   -3.421112;182.339827;-10.157738;,
   -3.379455;181.730458;-10.443626;,
   -3.277282;181.818342;-10.743309;,
   -3.438568;182.273421;-6.781762;,
   -3.794616;181.847642;-7.046289;,
   -4.432372;181.660147;-7.359033;,
   -4.743133;182.021466;-6.946496;,
   -4.496612;182.349594;-6.782800;,
   -4.343200;182.390605;-6.450036;,
   -2.576965;185.278310;-8.785424;,
   -3.368393;185.265613;-6.354211;,
   -2.926513;182.802714;-6.766015;,
   -3.710083;182.695296;-6.152856;,
   -4.119384;183.054669;-6.007897;,
   -3.211853;183.378893;-6.277001;,
   -4.984985;183.267558;-6.648400;,
   -4.473144;185.287091;-6.148828;,
   3.121979;182.576154;-9.853294;,
   2.838775;182.746074;-10.692650;,
   3.488495;181.896474;-10.721702;,
   3.148773;182.808576;-11.095849;,
   2.627777;182.572250;-10.939110;,
   2.457550;183.064435;-10.411523;,
   2.270958;185.099597;-9.718987;,
   -0.630245;185.208973;-10.225854;,
   3.373504;182.437478;-9.268882;,
   3.707367;182.419904;-8.533836;,
   4.283813;182.003891;-9.691429;,
   3.327438;185.036122;-7.430170;,
   3.949493;181.914048;-7.642236;,
   3.514374;182.183578;-6.901635;,
   3.369720;183.222643;-6.493432;,
   3.793670;182.396467;-6.359399;,
   4.389465;182.771469;-5.811669;,
   3.904998;184.998029;-6.210412;,
   -4.779632;183.539046;-8.502282;,
   -4.295822;185.336896;-9.372735;,
   -4.963287;183.287091;-9.398706;,
   -4.661316;185.322253;-7.394006;,
   -5.280212;182.927718;-7.819360;,
   -4.984985;183.267558;-6.648400;,
   -4.473144;185.287091;-6.148828;,
   -5.124298;182.738266;-7.086694;,
   -4.984496;182.828109;-8.207422;,
   -4.833190;182.845683;-8.926782;,
   -4.478271;182.935526;-9.697838;,
   -4.353729;183.244122;-10.070886;,
   -3.810089;183.779277;-10.967553;,
   -2.871826;185.295885;-11.145166;,
   -5.020507;182.246080;-7.952966;,
   -5.044036;182.052723;-7.628258;,
   -4.690368;182.646464;-8.495568;,
   -4.048309;182.892557;-10.636865;,
   -3.969848;182.466778;-10.091454;,
   -4.572235;182.457011;-9.511375;,
   -4.684692;181.986317;-8.861229;,
   -4.548767;182.113267;-8.464989;,
   -3.735840;181.947251;-7.699548;,
   -3.421112;182.339827;-10.157738;,
   -3.817016;182.105459;-9.905662;,
   -4.337341;182.261709;-9.340477;,
   -3.726349;182.218739;-8.379722;,
   -3.394592;182.697254;-8.946374;,
   -3.615844;182.152333;-10.746727;,
   -3.277282;181.818342;-10.743309;,
   -3.379455;181.730458;-10.443626;,
   -3.105255;182.851546;-11.132104;,
   -3.405700;183.525376;-11.354638;,
   -3.143097;182.986317;-11.583032;,
   -2.614227;183.347635;-11.901391;,
   -2.814605;182.687488;-11.233789;,
   -2.620086;182.580058;-11.733055;,
   -2.516113;182.322253;-11.230370;,
   -2.670990;182.691392;-10.702294;,
   -1.835098;182.517568;-12.045067;,
   -1.751587;182.285146;-11.702904;,
   -1.305237;182.705062;-11.530419;,
   -1.717056;183.128896;-11.989770;,
   0.243650;182.728499;-11.981347;,
   -0.168573;182.886707;-11.667626;,
   -0.335014;183.068339;-12.155663;,
   -1.281807;183.388659;-12.044458;,
   -2.146347;183.546854;-12.117578;,
   -0.677322;183.595686;-12.292260;,
   0.067784;183.279283;-12.174584;,
   1.244537;183.039053;-12.102685;,
   0.927826;183.408192;-12.274804;,
   1.199051;185.145498;-11.829003;,
   -1.165352;185.245107;-11.914636;,
   4.071655;183.296858;-11.055444;,
   3.439850;182.976550;-11.354882;,
   3.005340;185.076160;-11.474511;,
   2.832184;183.335923;-11.935570;,
   1.730957;183.248026;-11.975366;,
   1.397873;182.810534;-11.245019;,
   0.924690;182.843738;-11.347680;,
   0.411198;182.482406;-11.594383;,
   2.869507;183.009754;-11.754296;,
   3.148773;182.808576;-11.095849;,
   3.642975;183.007795;-11.081689;,
   3.488495;181.896474;-10.721702;,
   2.627777;182.572250;-10.939110;,
   2.660888;182.365222;-11.252342;,
   2.214416;182.603494;-11.834862;,
   2.053268;183.119130;-11.842187;,
   1.869110;183.015616;-11.220849;,
   5.042724;182.859354;-9.327538;,
   4.848022;182.355456;-9.348106;,
   4.412506;182.634752;-9.940026;,
   4.283813;182.003891;-9.691429;,
   3.974701;182.410138;-9.987572;,
   3.121979;182.576154;-9.853294;,
   3.515014;182.345690;-10.179894;,
   4.029632;182.593741;-10.560692;,
   4.554138;184.992166;-9.806176;,
   4.688171;182.859354;-10.040856;,
   4.322784;182.810534;-10.313012;,
   5.178344;182.701158;-8.813318;,
   5.059814;184.958963;-7.925104;,
   5.032287;182.330061;-6.251184;,
   5.350586;182.876941;-6.207177;,
   5.159362;182.708966;-5.960778;,
   5.161132;182.503885;-6.882531;,
   5.055542;183.443341;-6.746789;,
   5.522582;182.806630;-7.534142;,
   5.503296;182.681626;-8.321923;,
   4.951294;182.511706;-8.773216;,
   5.300903;182.578112;-7.836266;,
   5.116058;182.517568;-8.394676;,
   5.099182;181.714829;-7.333154;,
   4.216094;182.080064;-6.732568;,
   4.483123;182.374989;-5.986474;,
   4.776733;182.111309;-8.385826;,
   4.399536;182.373030;-8.463463;,
   4.316100;181.689434;-7.283593;,
   3.514374;182.183578;-6.901635;,
   3.793670;182.396467;-6.359399;,
   4.389465;182.771469;-5.811669;,
   4.121032;182.281229;-8.610618;,
   4.763275;182.021466;-8.828880;,
   3.949493;181.914048;-7.642236;,
   3.707367;182.419904;-8.533836;,
   3.701019;180.636698;-7.290673;,
   4.017883;181.119130;-7.398095;,
   4.537780;181.216781;-6.666589;,
   4.349395;181.013658;-6.291711;,
   4.461242;178.675763;-5.272423;,
   5.092682;178.392563;-5.886925;,
   5.141723;180.886707;-6.790551;,
   4.726257;184.966784;-6.294885;,
   4.744842;183.517568;-5.926782;,
   3.904998;184.998029;-6.210412;,
   2.214416;182.603494;-11.834862;,
   1.869110;183.015616;-11.220849;,
   2.053268;183.119130;-11.842187;,
   1.990723;182.611315;-11.529198;,
   2.660888;182.365222;-11.252342;,
   1.397873;182.810534;-11.245019;,
   0.924690;182.843738;-11.347680;,
   0.411198;182.482406;-11.594383;,
   -79.740090;139.196250;-46.603386;,
   -84.206182;136.440704;-48.310170;,
   -85.001107;134.833523;-46.025379;,
   -80.469075;137.478771;-43.955920;,
   -84.977440;134.935770;-49.227786;,
   -84.839347;134.759808;-49.306237;,
   -85.153517;134.643610;-49.240502;,
   -82.936083;134.822246;-49.031766;,
   -78.459878;137.564877;-47.330733;,
   -77.116083;140.770022;-45.623248;,
   -76.379571;141.145766;-45.189411;,
   -75.894048;141.301478;-44.694310;,
   -75.644659;141.217958;-43.902486;,
   -75.877754;139.192051;-46.326794;,
   -75.677498;140.627315;-42.663837;,
   -74.397805;138.996646;-43.390874;,
   -74.354054;139.573389;-44.635722;,
   -75.894048;141.301478;-44.694310;,
   -74.667277;139.738240;-45.391293;,
   -75.148870;139.577536;-45.888614;,
   -76.379571;141.145766;-45.189411;,
   -75.877754;139.192051;-46.326794;,
   -77.116083;140.770022;-45.623248;,
   -75.985280;139.237594;-40.122986;,
   -74.718848;137.623808;-40.842490;,
   -84.977440;134.935770;-49.227786;,
   -85.153517;134.643610;-49.240502;,
   -85.752339;133.225894;-47.114726;,
   -86.528371;130.093965;-41.456096;,
   -85.936768;131.667098;-40.615379;,
   -81.212717;134.434957;-38.506858;,
   -76.327315;136.416653;-34.393232;,
   -86.006963;129.186112;-35.232323;,
   -86.549773;127.651738;-36.016163;,
   -85.732154;124.708621;-27.975955;,
   -84.788275;122.691290;-21.789896;,
   -84.290413;124.375757;-21.306266;,
   -85.268493;126.348826;-27.453568;,
   -81.397146;132.392666;-34.226454;,
   -81.012179;129.832602;-27.762582;,
   -76.195949;133.534118;-27.749152;,
   -80.088416;127.361318;-20.710614;,
   -75.702362;130.659456;-20.478792;,
   -77.589350;126.287821;-13.840920;,
   -77.232397;125.868352;-12.271828;,
   -74.704275;128.520832;-13.900213;,
   -77.950259;126.116864;-14.130501;,
   -78.488250;125.803034;-14.379990;,
   -79.451437;125.101414;-14.541928;,
   -82.883578;122.420467;-14.637790;,
   -83.568320;120.813286;-15.430502;,
   -83.392051;121.071053;-15.043563;,
   -75.059066;134.800563;-35.113770;,
   -74.947904;131.943757;-28.458214;,
   -74.472032;129.091674;-21.177792;,
   -73.464256;126.940710;-14.604718;,
   -73.107341;126.521216;-13.035630;,
   -74.347360;128.101350;-12.331124;,
   -77.232397;125.868352;-12.271828;,
   -77.589350;126.287821;-13.840920;,
   -75.942650;124.224832;-13.004588;,
   -76.299590;124.644326;-14.573682;,
   -76.675066;124.491917;-14.854987;,
   -77.950259;126.116864;-14.130501;,
   -77.215539;124.181248;-15.103067;,
   -78.488250;125.803034;-14.379990;,
   -78.194253;123.499418;-15.256187;,
   -79.451437;125.101414;-14.541928;,
   -81.652570;120.851827;-15.337173;,
   -82.883578;122.420467;-14.637790;,
   -83.139558;120.749286;-15.187018;,
   -83.392051;121.071053;-15.043563;,
   -83.568320;120.813286;-15.430502;,
   -86.528371;130.093965;-41.456096;,
   -84.653491;130.031859;-41.344464;,
   -85.752339;133.225894;-47.114726;,
   -83.700448;133.176154;-46.764336;,
   -79.158592;135.808858;-44.700467;,
   -85.153517;134.643610;-49.240502;,
   -82.936083;134.822246;-49.031766;,
   -84.839347;134.759808;-49.306237;,
   -78.459878;137.564877;-47.330733;,
   -75.877754;139.192051;-46.326794;,
   -75.148870;139.577536;-45.888614;,
   -74.667277;139.738240;-45.391293;,
   -74.354054;139.573389;-44.635722;,
   -74.397805;138.996646;-43.390874;,
   -74.718848;137.623808;-40.842490;,
   -79.928838;132.798925;-39.236291;,
   -84.746042;127.579341;-35.948704;,
   -85.732154;124.708621;-27.975955;,
   -75.059066;134.800563;-35.113770;,
   -80.103846;130.744640;-34.961238;,
   -83.963142;124.685453;-28.195197;,
   -84.788275;122.691290;-21.789896;,
   -82.984915;122.712179;-22.047974;,
   -83.568320;120.813286;-15.430502;,
   -81.652570;120.851827;-15.337173;,
   -83.139558;120.749286;-15.187018;,
   -74.947904;131.943757;-28.458214;,
   -79.701792;128.162790;-28.507066;,
   -78.823059;125.748915;-21.429514;,
   -78.194253;123.499418;-15.256187;,
   -77.215539;124.181248;-15.103067;,
   -74.472032;129.091674;-21.177792;,
   -76.675066;124.491917;-14.854987;,
   -73.464256;126.940710;-14.604718;,
   -76.299590;124.644326;-14.573682;,
   -75.942650;124.224832;-13.004588;,
   -73.107341;126.521216;-13.035630;,
   -74.905984;123.636454;-12.283263;,
   -72.887290;125.247514;-12.169408;,
   -72.773229;125.756365;-12.042473;,
   -75.402867;123.581837;-12.196696;,
   -72.953120;126.427430;-11.836481;,
   -75.972448;123.779072;-12.070125;,
   -73.419731;127.056154;-11.569733;,
   -76.736448;124.546790;-11.779347;,
   -77.267181;125.428902;-11.334537;,
   -73.916512;127.655066;-11.289138;,
   -77.303610;126.003904;-11.116810;,
   -74.518573;127.980403;-11.050877;,
   -77.130138;126.470630;-11.019638;,
   -75.044288;127.996134;-10.943930;,
   -75.181792;128.329792;-14.104474;,
   -74.534835;127.515776;-14.563330;,
   -75.210374;127.066048;-14.743685;,
   -75.846368;127.866138;-14.291045;,
   -73.315514;126.885837;-14.450549;,
   -73.447008;127.307021;-14.209968;,
   -73.219270;127.014067;-13.968259;,
   -73.662976;127.259930;-14.547941;,
   -73.861664;126.647590;-14.854490;,
   -74.548134;126.211827;-15.028622;,
   -75.994074;126.456026;-14.754894;,
   -76.636390;127.264166;-14.298661;,
   -77.231974;126.735693;-14.149941;,
   -76.587392;125.924685;-14.607454;,
   -75.325510;125.593741;-15.043424;,
   -75.916570;125.059520;-14.897266;,
   -73.102746;126.461619;-14.127024;,
   -72.953120;126.427430;-11.836481;,
   -72.773229;125.756365;-12.042473;,
   -73.419731;127.056154;-11.569733;,
   -73.866899;127.818611;-14.066899;,
   -74.057734;127.793101;-14.345570;,
   -74.470125;128.288435;-14.089371;,
   -74.229677;128.304346;-13.765299;,
   -74.644499;128.579315;-13.695498;,
   -74.316691;128.412480;-13.344771;,
   -73.916512;127.655066;-11.289138;,
   -74.818304;128.647718;-13.152345;,
   -74.518573;127.980403;-11.050877;,
   -75.393011;128.658611;-13.006301;,
   -75.044288;127.996134;-10.943930;,
   -77.130138;126.470630;-11.019638;,
   -75.846368;127.866138;-14.291045;,
   -75.978816;128.125658;-13.972618;,
   -75.386842;128.526426;-13.788450;,
   -75.680915;128.573286;-13.281427;,
   -74.992544;128.712576;-13.452688;,
   -75.181792;128.329792;-14.104474;,
   -77.240198;127.424653;-13.365041;,
   -76.830202;127.548390;-13.951261;,
   -77.341165;127.132826;-13.775011;,
   -76.839379;127.777651;-13.537274;,
   -76.227066;128.234509;-13.553146;,
   -77.699789;126.667430;-13.414148;,
   -77.601357;126.991014;-13.065893;,
   -77.735072;126.538496;-13.201034;,
   -77.630157;126.218086;-13.698808;,
   -77.231974;126.735693;-14.149941;,
   -76.636390;127.264166;-14.298661;,
   -77.303610;126.003904;-11.116810;,
   -77.267181;125.428902;-11.334537;,
   -75.972448;123.779072;-12.070125;,
   -76.709242;124.690458;-14.056354;,
   -76.375699;124.357606;-14.156691;,
   -77.105216;125.186598;-13.863456;,
   -76.736448;124.546790;-11.779347;,
   -77.481536;125.674586;-13.617581;,
   -77.700973;126.046362;-13.403754;,
   -77.373792;125.886208;-14.053486;,
   -77.231974;126.735693;-14.149941;,
   -77.039552;125.446835;-14.331531;,
   -76.587392;125.924685;-14.607454;,
   -76.659693;124.976230;-14.459202;,
   -76.318214;124.546304;-14.444174;,
   -75.916570;125.059520;-14.897266;,
   -74.913619;121.778022;2.592840;,
   -74.819008;120.432179;5.681793;,
   -72.826445;122.505434;4.824440;,
   -73.132858;124.265242;0.045459;,
   -75.739347;123.065485;-1.752569;,
   -74.038829;126.210918;-5.551740;,
   -72.907616;125.806630;-5.240487;,
   -72.385069;124.548915;-1.346078;,
   -72.138086;123.747251;0.682797;,
   -71.887002;122.403200;4.707158;,
   -72.463194;121.741222;7.398918;,
   -75.522086;119.298048;6.936422;,
   -72.465082;121.208909;8.606354;,
   -75.667930;118.617702;8.138071;,
   -72.727014;120.499507;9.527106;,
   -74.436608;118.768000;9.948729;,
   -73.561965;119.349862;10.185538;,
   -75.376160;118.206336;9.173382;,
   -75.509696;117.294848;8.592602;,
   -74.705850;117.420966;9.669702;,
   -73.908045;117.892122;10.242901;,
   -73.066880;118.617037;10.422121;,
   -72.267936;119.346854;10.140102;,
   -71.718086;120.138048;9.509906;,
   -71.532365;121.036570;8.516658;,
   -71.624717;121.647462;7.310878;,
   -70.240288;119.883328;6.524332;,
   -70.674950;120.858714;4.018543;,
   -70.394592;119.105267;6.223662;,
   -70.843091;119.978112;3.697621;,
   -72.945779;118.045171;4.617534;,
   -73.003309;119.343770;1.507524;,
   -71.145018;122.481818;0.118597;,
   -71.262342;121.881715;-1.017252;,
   -71.313382;123.183283;-1.954945;,
