xof 0303txt 0032
template ColorRGBA {
 <35ff44e0-6c7c-11cf-8f52-0040333594a3>
 FLOAT red;
 FLOAT green;
 FLOAT blue;
 FLOAT alpha;
}

template ColorRGB {
 <d3e16e81-7835-11cf-8f52-0040333594a3>
 FLOAT red;
 FLOAT green;
 FLOAT blue;
}

template Material {
 <3d82ab4d-62da-11cf-ab39-0020af71e433>
 ColorRGBA faceColor;
 FLOAT power;
 ColorRGB specularColor;
 ColorRGB emissiveColor;
 [...]
}

template TextureFilename {
 <a42790e1-7810-11cf-8f52-0040333594a3>
 STRING filename;
}

template Frame {
 <3d82ab46-62da-11cf-ab39-0020af71e433>
 [...]
}

template Matrix4x4 {
 <f6f23f45-7686-11cf-8f52-0040333594a3>
 array FLOAT matrix[16];
}

template FrameTransformMatrix {
 <f6f23f41-7686-11cf-8f52-0040333594a3>
 Matrix4x4 frameMatrix;
}

template Vector {
 <3d82ab5e-62da-11cf-ab39-0020af71e433>
 FLOAT x;
 FLOAT y;
 FLOAT z;
}

template MeshFace {
 <3d82ab5f-62da-11cf-ab39-0020af71e433>
 DWORD nFaceVertexIndices;
 array DWORD faceVertexIndices[nFaceVertexIndices];
}

template Mesh {
 <3d82ab44-62da-11cf-ab39-0020af71e433>
 DWORD nVertices;
 array Vector vertices[nVertices];
 DWORD nFaces;
 array MeshFace faces[nFaces];
 [...]
}

template MeshMaterialList {
 <f6f23f42-7686-11cf-8f52-0040333594a3>
 DWORD nMaterials;
 DWORD nFaceIndexes;
 array DWORD faceIndexes[nFaceIndexes];
 [Material <3d82ab4d-62da-11cf-ab39-0020af71e433>]
}

template VertexElement {
 <f752461c-1e23-48f6-b9f8-8350850f336f>
 DWORD Type;
 DWORD Method;
 DWORD Usage;
 DWORD UsageIndex;
}

template DeclData {
 <bf22e553-292c-4781-9fea-62bd554bdd93>
 DWORD nElements;
 array VertexElement Elements[nElements];
 DWORD nDWords;
 array DWORD data[nDWords];
}

template XSkinMeshHeader {
 <3cf169ce-ff7c-44ab-93c0-f78f62d172e2>
 WORD nMaxSkinWeightsPerVertex;
 WORD nMaxSkinWeightsPerFace;
 WORD nBones;
}

template SkinWeights {
 <6f0d123b-bad2-4167-a0d0-80224f25fabb>
 STRING transformNodeName;
 DWORD nWeights;
 array DWORD vertexIndices[nWeights];
 array FLOAT weights[nWeights];
 Matrix4x4 matrixOffset;
}

template AnimTicksPerSecond {
 <9e415a43-7ba6-4a73-8743-b73d47e88476>
 DWORD AnimTicksPerSecond;
}

template Animation {
 <3d82ab4f-62da-11cf-ab39-0020af71e433>
 [...]
}

template AnimationSet {
 <3d82ab50-62da-11cf-ab39-0020af71e433>
 [Animation <3d82ab4f-62da-11cf-ab39-0020af71e433>]
}

template FloatKeys {
 <10dd46a9-775b-11cf-8f52-0040333594a3>
 DWORD nValues;
 array FLOAT values[nValues];
}

template TimedFloatKeys {
 <f406b180-7b3b-11cf-8f52-0040333594a3>
 DWORD time;
 FloatKeys tfkeys;
}

template AnimationKey {
 <10dd46a8-775b-11cf-8f52-0040333594a3>
 DWORD keyType;
 DWORD nKeys;
 array TimedFloatKeys keys[nKeys];
}


Material Material__98 {
 1.000000;1.000000;1.000000;1.000000;;
 10.000000;
 0.000000;0.000000;0.000000;;
 0.000000;0.000000;0.000000;;

 TextureFilename {
  "Bullpup_D.tga";
 }
}

Material Material__122 {
 1.000000;1.000000;1.000000;1.000000;;
 10.000000;
 0.000000;0.000000;0.000000;;
 0.000000;0.000000;0.000000;;

 TextureFilename {
  "Reflexsight_A.tga";
 }
}

Material Material__110 {
 1.000000;1.000000;1.000000;1.000000;;
 10.000000;
 0.000000;0.000000;0.000000;;
 0.000000;0.000000;0.000000;;

 TextureFilename {
  "hands_1stP_military_diff_4.tga";
 }
}

Frame SceneRoot {
 

 FrameTransformMatrix {
  1.000000,0.000000,0.000000,0.000000,0.000000,1.000000,0.000000,0.000000,0.000000,0.000000,1.000000,0.000000,0.000000,0.000000,0.000000,1.000000;;
 }

 Frame RootBone {
  

  FrameTransformMatrix {
   0.800000,0.000000,0.000000,0.000000,0.000000,0.800000,0.000000,0.000000,0.000000,0.000000,0.800000,0.000000,2.799984,-1.794842,0.035013,1.000000;;
  }

  Frame Hands_Hub01 {
   

   FrameTransformMatrix {
    0.000000,1.000000,-0.000000,0.000000,0.000001,0.000000,1.000000,0.000000,1.000000,-0.000000,-0.000001,0.000000,-16.293411,-1.446245,2.690252,1.000000;;
   }

   Frame Hands_LArmCollarbone {
    

    FrameTransformMatrix {
     -0.573473,0.667222,0.475337,0.000000,-0.781810,-0.619084,-0.074223,0.000000,0.244750,-0.414188,0.876668,0.000000,0.550025,0.782968,6.584866,1.000000;;
    }

    Frame Hands_LArm1 {
     

     FrameTransformMatrix {
      0.707606,0.430269,0.560502,0.000000,-0.209197,0.885234,-0.415448,0.000000,-0.674930,0.176718,0.716408,0.000000,7.387080,0.000000,0.000002,1.000000;;
     }

     Frame Hands_LArm2 {
      

      FrameTransformMatrix {
       0.481189,-0.482789,0.731691,0.000000,0.429398,0.857495,0.283409,0.000000,-0.764248,0.177813,0.619925,0.000000,15.749216,0.000001,0.000002,1.000000;;
      }

      Frame Hands_LArmPalm {
       

       FrameTransformMatrix {
        0.928250,0.164145,-0.333779,0.000000,0.344591,-0.717331,0.605552,0.000000,-0.140031,-0.677121,-0.722426,0.000000,13.645374,-0.000001,-0.000002,1.000000;;
       }

       Frame Hands_LArmThumb1 {
        

        FrameTransformMatrix {
         0.705853,0.545554,-0.451821,0.000000,-0.273400,-0.378600,-0.884259,0.000000,-0.653471,0.747685,-0.118082,0.000000,1.025023,0.149495,-1.053121,1.000000;;
        }

        Frame Hands_LArmThumb2 {
         

         FrameTransformMatrix {
          0.759723,0.044140,-0.648747,0.000000,-0.029359,0.999004,0.033591,0.000000,0.649584,-0.006473,0.760262,0.000000,2.997643,-0.000000,0.000000,1.000000;;
         }

         Frame Hands_LArmThumb3 {
          

          FrameTransformMatrix {
           0.651420,-0.008487,-0.758670,0.000000,0.007247,0.999961,-0.004964,0.000000,0.758683,-0.002264,0.651456,0.000000,1.568378,-0.000002,0.000001,1.000000;;
          }
         }
        }
       }

       Frame Hands_LArmFinger11 {
        

        FrameTransformMatrix {
         0.649597,-0.004231,-0.760267,0.000000,-0.266317,0.935361,-0.232755,0.000000,0.712109,0.353669,0.606481,0.000000,4.651287,1.298330,-0.184426,1.000000;;
        }

        Frame Hands_LArmFinger12 {
         

         FrameTransformMatrix {
          -0.025738,0.105858,-0.994048,0.000000,0.024147,0.994153,0.105244,0.000000,0.999377,-0.021295,-0.028143,0.000000,1.967896,0.000000,-0.000002,1.000000;;
         }

         Frame Hands_LArmFinger13 {
          

          FrameTransformMatrix {
           0.899739,-0.020318,-0.435956,0.000000,0.021865,0.999760,-0.001469,0.000000,0.435881,-0.008211,0.899967,0.000000,1.282021,0.000000,0.000001,1.000000;;
          }
         }
        }
       }

       Frame Hands_LArmFinger21 {
        

        FrameTransformMatrix {
         0.445451,-0.027722,-0.894877,0.000000,-0.163782,0.980131,-0.111890,0.000000,0.880198,0.196406,0.432060,0.000000,4.644092,0.310960,0.107953,1.000000;;
        }

        Frame Hands_LArmFinger22 {
         

         FrameTransformMatrix {
          0.353193,-0.026303,-0.935181,0.000000,0.041156,0.999074,-0.012556,0.000000,0.934645,-0.034054,0.353948,0.000000,2.267685,0.000000,-0.000002,1.000000;;
         }

         Frame Hands_LArmFinger23 {
          

          FrameTransformMatrix {
           0.435696,0.011460,-0.900021,0.000000,-0.048760,0.998751,-0.010888,0.000000,0.898772,0.048629,0.435711,0.000000,1.357071,0.000000,-0.000001,1.000000;;
          }
         }
        }
       }

       Frame Hands_LArmFinger31 {
        

        FrameTransformMatrix {
         0.991076,-0.133182,-0.005663,0.000000,0.133258,0.990947,0.016352,0.000000,0.003434,-0.016961,0.999850,0.000000,0.370758,-0.194489,0.112025,1.000000;;
        }

        Frame Hands_LArmFinger32 {
         

         FrameTransformMatrix {
          0.639103,0.058451,-0.766897,0.000000,-0.171756,0.982774,-0.068230,0.000000,0.749699,0.175325,0.638133,0.000000,4.166525,-0.000001,0.000001,1.000000;;
         }

         Frame Hands_LArmFinger33 {
          

          FrameTransformMatrix {
           0.224087,0.016860,-0.974423,0.000000,-0.068006,0.997684,0.001623,0.000000,0.972193,0.065903,0.224715,0.000000,2.171415,0.000000,-0.000002,1.000000;;
          }

          Frame Hands_LArmFinger34 {
           

           FrameTransformMatrix {
            0.688871,0.008760,-0.724831,0.000000,-0.007697,0.999959,0.004770,0.000000,0.724843,0.002293,0.688910,0.000000,1.301949,0.000001,0.000001,1.000000;;
           }
          }
         }
        }
       }

       Frame Hands_LArmFinger41 {
        

        FrameTransformMatrix {
         0.949071,-0.301639,-0.090982,0.000000,0.307962,0.949122,0.065791,0.000000,0.066508,-0.090459,0.993677,0.000000,0.379578,-0.407063,0.157657,1.000000;;
        }

        Frame Hands_LArmFinger42 {
         

         FrameTransformMatrix {
          0.953247,0.183436,-0.240148,0.000000,-0.200696,0.978413,-0.049289,0.000000,0.225923,0.095181,0.969484,0.000000,3.827000,0.000001,0.000000,1.000000;;
         }

         Frame Hands_LArmFinger43 {
          

          FrameTransformMatrix {
           0.461933,0.081378,-0.883173,0.000000,-0.157151,0.987536,0.008798,0.000000,0.872881,0.134727,0.468964,0.000000,1.617779,0.000001,0.000002,1.000000;;
          }

          Frame Hands_LArmFinger44 {
           

           FrameTransformMatrix {
            0.686344,-0.015258,-0.727117,0.000000,0.029294,0.999549,0.006677,0.000000,0.726687,-0.025883,0.686482,0.000000,1.026681,-0.000002,0.000000,1.000000;;
           }
          }
         }
        }
       }

       Frame Hands_LPalm_morph {
        

        FrameTransformMatrix {
         1.000000,0.000000,-0.000000,0.000000,0.000000,1.000000,0.000000,0.000000,-0.000000,0.000000,1.000000,0.000000,-0.000002,0.000001,2.736034,1.000000;;
        }
       }
      }

      Frame Hands_Lwrist {
       

       FrameTransformMatrix {
        1.000000,-0.000000,-0.000000,0.000000,-0.000000,0.853920,0.520404,0.000000,0.000000,-0.520404,0.853920,0.000000,12.667587,-0.000004,-0.000004,1.000000;;
       }
      }

      Frame Hands_LSleeve {
       

       FrameTransformMatrix {
        1.000000,-0.000000,-0.000000,0.000000,0.000000,1.000000,0.000000,0.000000,0.000000,-0.000000,1.000000,0.000000,11.831042,-0.149416,-0.415592,1.000000;;
       }
      }
     }
    }
   }

   Frame Hands_RArmCollarbone {
    

    FrameTransformMatrix {
     0.159766,-0.959312,-0.232801,0.000000,0.972180,0.193826,-0.131522,0.000000,0.171293,-0.205312,0.963590,0.000000,0.550025,-0.782968,6.584866,1.000000;;
    }

    Frame Hands_RArm1 {
     

     FrameTransformMatrix {
      -0.295174,-0.898821,0.324027,0.000000,0.563446,0.110136,0.818779,0.000000,-0.771623,0.424253,0.473927,0.000000,7.387085,0.000000,0.000001,1.000000;;
     }

     Frame Hands_RArm2 {
      

      FrameTransformMatrix {
       0.367617,0.575896,0.730207,0.000000,-0.533031,0.773895,-0.342001,0.000000,-0.762060,-0.263497,0.591467,0.000000,15.749216,0.000004,0.000000,1.000000;;
      }

      Frame Hands_RArmPalm {
       

       FrameTransformMatrix {
        0.976498,0.063780,0.205872,0.000000,0.207868,-0.531056,-0.821444,0.000000,0.056938,0.844933,-0.531833,0.000000,13.645374,-0.000000,0.000000,1.000000;;
       }

       Frame Hands_RArmThumb1 {
        

        FrameTransformMatrix {
         0.737078,-0.577067,-0.351724,0.000000,0.298208,-0.189316,0.935538,0.000000,-0.606455,-0.794451,0.032545,0.000000,1.025020,-0.149490,-1.053121,1.000000;;
        }

        Frame Hands_RArmThumb2 {
         

         FrameTransformMatrix {
          0.628915,-0.048151,-0.775982,0.000000,0.115202,0.992834,0.031761,0.000000,0.768892,-0.109369,0.629955,0.000000,2.997644,0.000000,0.000000,1.000000;;
         }

         Frame Hands_RArmThumb3 {
          

          FrameTransformMatrix {
           0.801251,0.008446,-0.598269,0.000000,-0.008211,0.999962,0.003121,0.000000,0.598272,0.002412,0.801289,0.000000,1.568376,0.000000,0.000000,1.000000;;
          }
         }
        }
       }

       Frame Hands_RArmFinger11 {
        

        FrameTransformMatrix {
         0.938190,0.073591,0.338206,0.000000,-0.132499,0.979065,0.154519,0.000000,-0.319754,-0.189781,0.928300,0.000000,4.651291,-1.298334,-0.184423,1.000000;;
        }

        Frame Hands_RArmFinger12 {
         

         FrameTransformMatrix {
          0.776069,-0.002046,-0.630644,0.000000,-0.043483,0.997441,-0.056746,0.000000,0.629147,0.071461,0.773995,0.000000,1.967896,0.000001,-0.000000,1.000000;;
         }

         Frame Hands_RArmFinger13 {
          

          FrameTransformMatrix {
           0.935503,0.020978,-0.352694,0.000000,-0.021865,0.999760,0.001469,0.000000,0.352640,0.006337,0.935738,0.000000,1.282023,0.000000,-0.000001,1.000000;;
          }
         }
        }
       }

       Frame Hands_RArmFinger21 {
        

        FrameTransformMatrix {
         0.410760,0.101531,-0.906073,0.000000,-0.401877,0.912195,-0.079971,0.000000,0.818395,0.396978,0.415497,0.000000,4.644096,-0.310961,0.107953,1.000000;;
        }

        Frame Hands_RArmFinger22 {
         

         FrameTransformMatrix {
          0.147733,0.018513,-0.988854,0.000000,-0.041156,0.999074,0.012556,0.000000,0.988170,0.038842,0.148359,0.000000,2.267685,0.000003,-0.000004,1.000000;;
         }

         Frame Hands_RArmFinger23 {
          

          FrameTransformMatrix {
           0.831004,-0.034518,-0.555195,0.000000,0.048761,0.998751,0.010888,0.000000,0.554126,-0.036120,0.831649,0.000000,1.357071,-0.000001,-0.000001,1.000000;;
          }
         }
        }
       }

       Frame Hands_RArmFinger31 {
        

        FrameTransformMatrix {
         0.991076,0.133181,-0.005663,0.000000,-0.133258,0.990946,-0.016352,0.000000,0.003434,0.016961,0.999850,0.000000,0.370754,0.194490,0.112023,1.000000;;
        }

        Frame Hands_RArmFinger32 {
         

         FrameTransformMatrix {
          0.190431,-0.068102,-0.979335,0.000000,-0.331098,0.934685,-0.129379,0.000000,0.924181,0.348894,0.155445,0.000000,4.166521,0.000000,-0.000000,1.000000;;
         }

         Frame Hands_RArmFinger33 {
          

          FrameTransformMatrix {
           0.444682,-0.031768,-0.895125,0.000000,0.068007,0.997684,-0.001623,0.000000,0.893103,-0.060153,0.445812,0.000000,2.171416,0.000000,-0.000002,1.000000;;
          }

          Frame Hands_RArmFinger34 {
           

           FrameTransformMatrix {
            0.775352,-0.007103,-0.631490,0.000000,0.001961,0.999959,-0.008840,0.000000,0.631527,0.005615,0.775334,0.000000,1.301954,0.000001,-0.000000,1.000000;;
           }
          }
         }
        }
       }

       Frame Hands_RArmFinger41 {
        

        FrameTransformMatrix {
         0.949071,0.301638,-0.090982,0.000000,-0.307961,0.949121,-0.065791,0.000000,0.066508,0.090459,0.993677,0.000000,0.379577,0.407061,0.157655,1.000000;;
        }

        Frame Hands_RArmFinger42 {
         

         FrameTransformMatrix {
          0.202958,-0.146072,-0.968231,0.000000,-0.203967,0.960814,-0.187708,0.000000,0.957708,0.235584,0.165211,0.000000,3.826997,0.000000,0.000000,1.000000;;
         }

         Frame Hands_RArmFinger43 {
          

          FrameTransformMatrix {
           0.792239,-0.131382,-0.595900,0.000000,0.157151,0.987536,-0.008799,0.000000,0.589628,-0.086676,0.803011,0.000000,1.617778,0.000000,-0.000002,1.000000;;
          }

          Frame Hands_RArmFinger44 {
           

           FrameTransformMatrix {
            0.622565,0.035694,-0.781753,0.000000,-0.080167,0.996613,-0.018338,0.000000,0.778451,0.074088,0.623318,0.000000,1.026682,0.000001,0.000002,1.000000;;
           }
          }
         }
        }
       }

       Frame Hands_RPalm_morph {
        

        FrameTransformMatrix {
         1.000000,0.000000,-0.000000,0.000000,-0.000000,1.000000,-0.000000,0.000000,0.000000,0.000000,1.000000,0.000000,0.000001,0.000002,2.736036,1.000000;;
        }
       }
      }

      Frame Hands_R_wrist {
       

       FrameTransformMatrix {
        1.000000,-0.000000,0.000000,0.000000,-0.000000,0.866025,-0.500000,0.000000,0.000000,0.500000,0.866025,0.000000,12.667589,0.000000,0.000001,1.000000;;
       }
      }

      Frame Hands_R_Sleeve {
       

       FrameTransformMatrix {
        1.000000,-0.000000,-0.000000,0.000000,0.000000,1.000000,0.000000,0.000000,0.000000,0.000000,1.000000,0.000000,11.831039,-0.000001,0.000000,1.000000;;
       }
      }
     }
    }
   }
  }

  Frame Bullpup {
   

   FrameTransformMatrix {
    1.000000,0.000000,0.000000,0.000000,0.000000,1.000000,0.000001,0.000000,0.000000,-0.000001,1.000000,0.000000,13.670202,-6.760001,0.000000,1.000000;;
   }

   Frame Mag_Release {
    

    FrameTransformMatrix {
     1.000000,0.000000,0.000000,0.000000,0.000000,1.000000,0.000000,0.000000,0.000000,-0.000000,1.000000,0.000000,-8.866778,0.361352,1.171742,1.000000;;
    }
   }

   Frame Magazine {
    

    FrameTransformMatrix {
     1.000000,0.000000,0.000000,0.000000,0.000000,1.000000,0.000000,0.000000,0.000000,-0.000000,1.000000,0.000000,-9.440711,-0.480858,0.000001,1.000000;;
    }
   }

   Frame Trigger {
    

    FrameTransformMatrix {
     1.000000,0.000000,0.000000,0.000000,0.000000,1.000000,0.000000,0.000000,0.000000,-0.000000,1.000000,0.000000,2.624603,-0.150333,-0.000002,1.000000;;
    }
   }

   Frame tip {
    

    FrameTransformMatrix {
     1.000000,0.000000,0.000000,0.000000,0.000000,1.000000,0.000000,0.000000,0.000000,0.000000,1.000000,0.000000,14.307990,2.631259,-0.000004,1.000000;;
    }
   }
  }
 }

 Frame Bullpup_Trip {
  

  FrameTransformMatrix {
   1.000000,0.000000,0.000000,0.000000,0.000000,1.000000,0.000000,0.000000,0.000000,0.000000,1.000000,0.000000,0.000000,0.000000,0.000000,1.000000;;
  }

  Mesh Bullpup_Trip {
   9704;
   9.505462;-0.000262;-0.835695;,
   11.007892;-0.222283;-0.835695;,
   10.972530;-0.000262;-0.835695;,
   9.391370;-0.222533;-0.835695;,
   11.071241;-0.403738;-0.835695;,
   9.255328;-0.390171;-0.835696;,
   9.226965;-0.450205;-0.800170;,
   11.095476;-0.468812;-0.799073;,
   9.198584;-0.509949;-0.733600;,
   11.095476;-0.468812;-0.799073;,
   11.124938;-0.530009;-0.734777;,
   9.187685;-0.542049;-0.663185;,
   11.149777;-0.565901;-0.663184;,
   11.149777;-0.565901;0.013040;,
   9.187685;-0.542049;0.013039;,
   9.187685;-0.542049;0.689263;,
   11.149777;-0.565901;0.689264;,
   11.124937;-0.530009;0.760857;,
   9.187685;-0.542049;0.689263;,
   9.198584;-0.509949;0.759678;,
   11.095475;-0.468812;0.825153;,
   9.226964;-0.450205;0.826248;,
   11.071239;-0.403738;0.861774;,
   9.255327;-0.390171;0.861774;,
   9.391370;-0.222533;0.861774;,
   11.007890;-0.222283;0.861774;,
   9.505462;-0.000262;0.861774;,
   10.972529;-0.000262;0.861774;,
   10.949965;0.211662;0.859010;,
   9.553578;0.211662;0.859009;,
   9.561732;0.367115;0.859326;,
   10.938454;0.367115;0.859327;,
   10.938370;0.413894;0.855057;,
   9.561771;0.413894;0.855057;,
   10.938370;0.458668;0.841474;,
   9.561771;0.413894;0.855057;,
   9.561771;0.458668;0.841473;,
   10.938370;0.499941;0.819414;,
   9.561771;0.499941;0.819413;,
   10.938370;0.536114;0.789726;,
   9.561771;0.536114;0.789725;,
   10.938370;0.565804;0.753552;,
   9.561771;0.565804;0.753551;,
   10.938370;0.587869;0.712281;,
   9.561771;0.587869;0.712280;,
   10.938372;0.601447;0.667498;,
   9.561771;0.601447;0.667498;,
   10.938372;0.606038;0.620927;,
   9.561771;0.606038;0.620926;,
   9.561771;0.606038;0.013039;,
   10.938372;0.606038;0.013040;,
   10.938372;0.606038;-0.594847;,
   9.561771;0.606038;-0.594848;,
   9.561771;0.601447;-0.641419;,
   10.938372;0.601447;-0.641419;,
   9.561771;0.587869;-0.686202;,
   10.938372;0.587869;-0.686201;,
   9.561771;0.565804;-0.727473;,
   10.938372;0.565804;-0.727472;,
   9.561771;0.536114;-0.763647;,
   10.938372;0.536114;-0.763646;,
   9.561771;0.499941;-0.793335;,
   10.938372;0.499941;-0.793334;,
   9.561771;0.458668;-0.815394;,
   10.938372;0.458668;-0.815394;,
   9.561771;0.413894;-0.828978;,
   10.938372;0.413894;-0.828978;,
   9.561734;0.367115;-0.833248;,
   10.938372;0.413894;-0.828978;,
   10.938455;0.367115;-0.833247;,
   10.949966;0.211662;-0.832930;,
   9.553579;0.211662;-0.832931;,
   10.972530;-0.000262;-0.835695;,
   9.506043;-0.000147;-1.103717;,
   9.391114;-0.220725;-1.282273;,
   9.391114;-0.220725;-1.103717;,
   9.506043;-0.000147;-1.282273;,
   9.558720;0.213553;-1.103717;,
   9.558720;0.213553;-1.282273;,
   9.558770;0.541973;-1.104132;,
   9.558770;0.541973;-1.282076;,
   9.558821;0.638325;-1.272415;,
   9.558821;0.603732;-1.098502;,
   9.558821;0.730699;-1.244397;,
   9.558821;0.662842;-1.080561;,
   9.558821;0.815843;-1.198885;,
   9.558821;0.717330;-1.051442;,
   9.558821;0.890463;-1.137646;,
   9.558821;0.765075;-1.012255;,
   9.558821;0.951713;-1.063015;,
   9.558821;0.804270;-0.964502;,
   9.558821;0.997215;-0.977880;,
   9.558821;0.833389;-0.910021;,
   9.558821;1.025242;-0.885499;,
   9.558821;0.851320;-0.850904;,
   9.558821;1.034706;-0.789426;,
   9.558821;0.857376;-0.789426;,
   9.558821;0.857376;0.013039;,
   9.558821;1.034706;0.013039;,
   9.558821;0.857376;0.815505;,
   9.558821;1.034706;0.815505;,
   9.558821;0.851320;0.876983;,
   9.558821;1.025242;0.911577;,
   9.558821;0.833389;0.936099;,
   9.558821;0.997215;1.003958;,
   9.558821;0.804270;0.990580;,
   9.558821;0.951713;1.089093;,
   9.558821;0.765075;1.038334;,
   9.558821;0.890463;1.163724;,
   9.558821;0.717330;1.077521;,
   9.558821;0.815843;1.224964;,
   9.558821;0.662842;1.106640;,
   9.558821;0.730699;1.270475;,
   9.558821;0.603732;1.124580;,
   9.558821;0.638325;1.298493;,
   9.558770;0.541973;1.130211;,
   9.558770;0.541973;1.308154;,
   9.558718;0.213553;1.308352;,
   9.558718;0.213553;1.129795;,
   9.506042;-0.000147;1.308352;,
   9.506042;-0.000147;1.129795;,
   9.391112;-0.220725;1.308352;,
   9.391112;-0.220725;1.129795;,
   9.227358;-0.420567;1.129795;,
   9.227358;-0.420567;1.308351;,
   9.194462;-0.491894;1.308351;,
   9.194462;-0.491894;1.129795;,
   9.027561;-1.420869;1.129795;,
   9.027561;-1.420869;1.308351;,
   8.985836;-1.653113;1.057211;,
   8.985836;-1.653113;1.308351;,
   8.985836;-2.136019;1.308351;,
   8.985836;-2.067029;1.057211;,
   8.985836;-2.273987;1.004452;,
   8.985836;-2.213122;0.424161;,
   8.985836;-1.652874;0.929015;,
   8.985836;-2.273987;0.424161;,
   9.227358;-0.420567;-1.103717;,
   9.227358;-0.420567;-1.282273;,
   9.194462;-0.491894;-1.282273;,
   9.194462;-0.491894;-1.103717;,
   9.027561;-1.420869;-1.103717;,
   9.027561;-1.420869;-1.282274;,
   8.985836;-1.653113;-1.031133;,
   8.985836;-1.653113;-1.282274;,
   8.985836;-2.136019;-1.282274;,
   8.985836;-2.067029;-1.031133;,
   8.985836;-2.273987;-0.978375;,
   8.985836;-2.213122;-0.398083;,
   8.985836;-1.652874;-0.902937;,
   8.985836;-2.273987;-0.398083;,
   8.985836;-2.136019;1.091701;,
   8.985836;-2.136019;-1.065623;,
   9.506043;-0.000147;-1.282273;,
   11.604271;-0.238583;-1.282272;,
   9.391114;-0.220725;-1.282273;,
   11.520914;0.000185;-1.282272;,
   9.558720;0.213553;-1.282273;,
   11.474394;0.213553;-1.282272;,
   9.558770;0.541973;-1.282076;,
   11.437765;0.541973;-1.282075;,
   9.558821;0.638325;-1.272415;,
   11.437661;0.638325;-1.272414;,
   9.558821;0.730699;-1.244397;,
   11.437661;0.730699;-1.244396;,
   9.558821;0.815843;-1.198885;,
   11.437661;0.815843;-1.198884;,
   9.558821;0.890463;-1.137646;,
   11.437661;0.890463;-1.137645;,
   9.558821;0.951713;-1.063015;,
   11.437661;0.951713;-1.063014;,
   9.558821;0.997215;-0.977880;,
   11.437661;0.997215;-0.977879;,
   9.558821;1.025242;-0.885499;,
   11.437661;1.025242;-0.885498;,
   9.558821;1.034706;-0.789426;,
   11.437661;1.034706;-0.789426;,
   9.558821;1.034706;0.013039;,
   11.437660;1.034706;0.013040;,
   9.558821;1.034706;0.815505;,
   11.437660;1.034706;0.815506;,
   11.437660;1.025242;0.911578;,
   9.558821;1.025242;0.911577;,
   11.437660;0.997215;1.003959;,
   9.558821;0.997215;1.003958;,
   11.437660;0.951713;1.089094;,
   9.558821;0.951713;1.089093;,
   11.437660;0.890463;1.163725;,
   9.558821;0.890463;1.163724;,
   11.437660;0.815843;1.224965;,
   9.558821;0.815843;1.224964;,
   11.437660;0.730699;1.270476;,
   9.558821;0.730699;1.270475;,
   11.437660;0.638325;1.298494;,
   9.558821;0.638325;1.298493;,
   11.437763;0.541973;1.308155;,
   9.558770;0.541973;1.308154;,
   11.474393;0.213553;1.308353;,
   9.558718;0.213553;1.308352;,
   11.520912;0.000185;1.308353;,
   9.506042;-0.000147;1.308352;,
   11.604269;-0.238583;1.308353;,
   9.391112;-0.220725;1.308352;,
   9.227358;-0.420567;1.308351;,
   11.707602;-0.451951;1.308353;,
   9.194462;-0.491894;1.308351;,
   9.027561;-1.420869;1.308351;,
   12.682100;-1.412880;1.308353;,
   8.985836;-1.653113;1.308351;,
   12.925718;-1.653113;1.308353;,
   8.985836;-2.136019;1.308351;,
   12.925718;-2.136019;1.308353;,
   9.227358;-0.420567;-1.282273;,
   11.707605;-0.451951;-1.282272;,
   9.194462;-0.491894;-1.282273;,
   9.027561;-1.420869;-1.282274;,
   12.682102;-1.412880;-1.282272;,
   8.985836;-1.653113;-1.282274;,
   12.925720;-1.653113;-1.282272;,
   8.985836;-2.136019;-1.282274;,
   12.925720;-2.136019;-1.282272;,
   9.506043;-0.000147;-1.103717;,
   11.604271;-0.238583;-1.103716;,
   11.520914;0.000185;-1.103716;,
   9.391114;-0.220725;-1.103717;,
   9.227358;-0.420567;-1.103717;,
   11.707603;-0.451951;-1.103716;,
   9.194462;-0.491894;-1.103717;,
   12.682102;-1.412880;-1.103715;,
   9.027561;-1.420869;-1.103717;,
   12.925720;-1.653113;-1.031131;,
   8.985836;-1.653113;-1.031133;,
   9.558720;0.213553;-1.103717;,
   11.474394;0.213553;-1.103716;,
   9.558770;0.541973;-1.104132;,
   11.437765;0.541973;-1.104132;,
   11.437661;0.603732;-1.098501;,
   9.558821;0.603732;-1.098502;,
   11.437661;0.662842;-1.080560;,
   9.558821;0.662842;-1.080561;,
   11.437661;0.717330;-1.051441;,
   9.558821;0.717330;-1.051442;,
   11.437661;0.765075;-1.012254;,
   9.558821;0.765075;-1.012255;,
   11.437661;0.804270;-0.964501;,
   9.558821;0.804270;-0.964502;,
   11.437661;0.833389;-0.910020;,
   9.558821;0.833389;-0.910021;,
   11.437661;0.851320;-0.850903;,
   9.558821;0.851320;-0.850904;,
   11.437661;0.857376;-0.789426;,
   9.558821;0.857376;-0.789426;,
   11.437660;0.857376;0.013040;,
   9.558821;0.857376;0.013039;,
   11.437660;0.857376;0.815506;,
   9.558821;0.857376;0.815505;,
   9.558821;0.851320;0.876983;,
   11.437660;0.851320;0.876983;,
   9.558821;0.833389;0.936099;,
   11.437660;0.833389;0.936100;,
   9.558821;0.804270;0.990580;,
   11.437660;0.804270;0.990581;,
   9.558821;0.765075;1.038334;,
   11.437660;0.765075;1.038335;,
   9.558821;0.717330;1.077521;,
   11.437660;0.717330;1.077522;,
   9.558821;0.662842;1.106640;,
   9.558821;0.717330;1.077521;,
   11.437660;0.662842;1.106641;,
   9.558821;0.603732;1.124580;,
   11.437660;0.603732;1.124581;,
   9.558770;0.541973;1.130211;,
   11.437763;0.541973;1.130212;,
   11.474393;0.213553;1.129796;,
   9.558718;0.213553;1.129795;,
   11.520912;0.000185;1.129796;,
   9.506042;-0.000147;1.129795;,
   11.604269;-0.238583;1.129796;,
   9.391112;-0.220725;1.129795;,
   9.227358;-0.420567;1.129795;,
   11.707603;-0.451951;1.129796;,
   9.194462;-0.491894;1.129795;,
   12.682100;-1.412880;1.129797;,
   9.027561;-1.420869;1.129795;,
   12.925719;-1.653113;1.057213;,
   8.985836;-1.653113;1.057211;,
   9.391370;-0.222533;-0.971394;,
   9.505462;-0.000262;-0.835695;,
   9.505462;-0.000262;-0.971394;,
   9.391370;-0.222533;-0.835695;,
   9.255328;-0.390171;-0.971394;,
   9.255328;-0.390171;-0.835696;,
   9.187686;-0.542049;-0.971395;,
   9.187686;-0.542049;-0.837408;,
   9.226965;-0.450205;-0.800170;,
   9.198584;-0.509949;-0.733600;,
   9.187685;-0.542049;-0.663185;,
   9.137487;-0.823067;-1.021133;,
   9.187685;-0.542049;0.013039;,
   9.137487;-0.823067;0.013039;,
   9.137487;-0.823067;1.047211;,
   9.187685;-0.542049;0.689263;,
   9.187685;-0.542049;0.863486;,
   9.198584;-0.509949;0.759678;,
   9.226964;-0.450205;0.826248;,
   9.255327;-0.390171;0.861774;,
   9.187685;-0.542049;0.997473;,
   9.255327;-0.390171;0.997473;,
   9.391370;-0.222533;0.861774;,
   9.391370;-0.222533;0.997473;,
   9.505462;-0.000262;0.861774;,
   9.505462;-0.000262;0.997473;,
   9.553578;0.211662;0.859009;,
   9.553578;0.211662;0.994267;,
   9.561732;0.367115;0.859326;,
   9.561732;0.367115;0.994119;,
   9.561771;0.440094;0.986804;,
   9.561771;0.413894;0.855057;,
   9.561771;0.510080;0.965576;,
   9.561771;0.458668;0.841473;,
   9.561771;0.574572;0.931102;,
   9.561771;0.499941;0.819413;,
   9.561771;0.631105;0.884709;,
   9.561771;0.536114;0.789725;,
   9.561771;0.677500;0.828180;,
   9.561771;0.565804;0.753551;,
   9.561771;0.711969;0.763685;,
   9.561771;0.587869;0.712280;,
   9.561771;0.733192;0.693705;,
   9.561771;0.601447;0.667498;,
   9.561771;0.740361;0.620926;,
   9.561771;0.606038;0.620926;,
   9.561771;0.740361;0.013039;,
   9.561771;0.606038;0.013039;,
   9.561771;0.606038;-0.594848;,
   9.561771;0.740361;-0.594848;,
   9.561771;0.601447;-0.641419;,
   9.561771;0.733192;-0.667626;,
   9.561771;0.587869;-0.686202;,
   9.561771;0.711969;-0.737607;,
   9.561771;0.565804;-0.727473;,
   9.561771;0.677500;-0.802101;,
   9.561771;0.536114;-0.763647;,
   9.561771;0.631105;-0.858631;,
   9.561771;0.499941;-0.793335;,
   9.561771;0.574572;-0.905024;,
   9.561771;0.458668;-0.815394;,
   9.561771;0.510080;-0.939498;,
   9.561771;0.413894;-0.828978;,
   9.561771;0.440094;-0.960725;,
   9.561734;0.367115;-0.833248;,
   9.561734;0.367115;-0.968041;,
   9.553579;0.211662;-0.968189;,
   9.553579;0.211662;-0.832931;,
   8.961071;-1.697907;-1.021133;,
   8.961071;-1.697907;0.013039;,
   8.961071;-1.697907;1.047211;,
   8.961071;-1.870449;0.365715;,
   8.961071;-1.870449;0.923110;,
   8.961071;-1.870449;1.047211;,
   8.963871;-2.083858;0.527629;,
   8.963871;-2.151062;0.579877;,
   8.963871;-2.065450;0.923318;,
   8.963871;-2.199409;0.638782;,
   8.963871;-2.119231;0.903083;,
   8.963871;-2.221526;0.711702;,
   8.963871;-2.178133;0.854742;,
   8.963871;-2.214056;0.787538;,
   8.961071;-1.870449;0.013039;,
   8.961071;-1.870449;-0.339637;,
   8.961071;-1.870449;-0.897032;,
   8.961071;-1.870449;-1.021133;,
   8.963871;-2.083858;-0.501551;,
   8.963871;-2.151062;-0.553800;,
   8.963871;-2.065450;-0.897240;,
   8.963871;-2.199409;-0.612704;,
   8.963871;-2.119231;-0.877005;,
   8.963871;-2.221526;-0.685625;,
   8.963871;-2.178133;-0.828664;,
   8.963871;-2.214056;-0.761460;,
   9.505462;-0.000262;0.997473;,
   11.007890;-0.222283;0.997473;,
   10.972529;-0.000262;0.997473;,
   9.391370;-0.222533;0.997473;,
   11.071239;-0.403738;0.997473;,
   9.255327;-0.390171;0.997473;,
   9.187685;-0.542049;0.997473;,
   11.149775;-0.565901;0.997474;,
   12.075541;-0.857910;0.990554;,
   12.075156;-1.121683;1.047213;,
   9.137487;-0.823067;1.047211;,
   8.961071;-1.697907;1.047211;,
   12.073068;-1.870449;1.047213;,
   13.439022;-1.231249;1.047213;,
   13.439022;-0.974998;0.976185;,
   13.439022;-0.863145;0.909020;,
   12.075541;-0.667188;0.904657;,
   11.149777;-0.565901;0.689264;,
   12.075541;-0.667188;0.013040;,
   13.532362;-0.748354;0.013041;,
   13.439022;-0.797044;-0.843246;,
   12.075542;-0.667188;-0.878577;,
   11.149777;-0.565901;-0.663184;,
   11.149777;-0.565901;0.013040;,
   11.149777;-0.565901;-0.971394;,
   12.075542;-0.857910;-0.964473;,
   13.439022;-0.974998;-0.950102;,
   13.662789;-0.838619;-0.788203;,
   13.756128;-0.804129;0.013041;,
   13.447363;-0.792691;0.792803;,
   13.662789;-0.907535;0.848854;,
   13.671701;-0.835325;0.737771;,
   13.855058;-0.926265;0.629472;,
   13.938114;-0.899183;0.013041;,
   13.844773;-0.929621;-0.679729;,
   13.662789;-1.018203;-0.878279;,
   13.439022;-1.231249;-1.021131;,
   13.662789;-1.279503;-0.940138;,
   13.844774;-1.058427;-0.751736;,
   13.959597;-1.091234;-0.554058;,
   14.047349;-1.073283;0.013041;,
   13.921262;-1.080285;0.646135;,
   13.844773;-0.996917;0.743434;,
   13.844773;-1.058427;0.777819;,
   13.844773;-1.316829;0.845145;,
   13.662789;-1.018203;0.904361;,
   13.662789;-1.279503;0.966220;,
   13.662789;-1.670586;0.966220;,
   13.439022;-1.667563;1.047213;,
   13.439022;-2.044351;0.882368;,
   13.662789;-2.002777;0.814285;,
   13.844773;-1.673048;0.845145;,
   13.994970;-1.343008;0.649678;,
   14.088299;-1.343008;0.013041;,
   13.994970;-1.343008;-0.623595;,
   13.844774;-1.316829;-0.819063;,
   13.662789;-1.670586;-0.940138;,
   13.439022;-1.667563;-1.021131;,
   12.073069;-1.870449;-1.021132;,
   12.075157;-1.121683;-1.021132;,
   9.187686;-0.542049;-0.971395;,
   11.071241;-0.403738;-0.971394;,
   9.255328;-0.390171;-0.971394;,
   9.391370;-0.222533;-0.971394;,
   11.007892;-0.222283;-0.971394;,
   9.505462;-0.000262;-0.971394;,
   10.972530;-0.000262;-0.971394;,
   9.553579;0.211662;-0.968189;,
   10.949966;0.211662;-0.968188;,
   9.561734;0.367115;-0.968041;,
   10.938455;0.367115;-0.968040;,
   9.561771;0.440094;-0.960725;,
   10.938372;0.440094;-0.960725;,
   9.561771;0.510080;-0.939498;,
   10.938372;0.510080;-0.939497;,
   9.561771;0.574572;-0.905024;,
   10.938372;0.574572;-0.905023;,
   9.561771;0.631105;-0.858631;,
   10.938372;0.631105;-0.858630;,
   9.561771;0.677500;-0.802101;,
   10.938372;0.677500;-0.802101;,
   9.561771;0.711969;-0.737607;,
   10.938372;0.711969;-0.737606;,
   9.561771;0.733192;-0.667626;,
   10.938372;0.733192;-0.667626;,
   9.561771;0.740361;-0.594848;,
   10.938372;0.740361;-0.594847;,
   10.938372;0.740361;0.013040;,
   9.561771;0.740361;0.013039;,
   9.561771;0.740361;0.620926;,
   10.938372;0.740361;0.620927;,
   10.938372;0.733192;0.693705;,
   9.561771;0.733192;0.693705;,
   10.938370;0.711969;0.763686;,
   9.561771;0.711969;0.763685;,
   10.938370;0.677500;0.828180;,
   9.561771;0.677500;0.828180;,
   10.938370;0.631105;0.884710;,
   9.561771;0.631105;0.884709;,
   10.938370;0.574572;0.931103;,
   9.561771;0.574572;0.931102;,
   10.938370;0.510080;0.965577;,
   9.561771;0.510080;0.965576;,
   10.938370;0.440094;0.986804;,
   9.561771;0.440094;0.986804;,
   10.938454;0.367115;0.994120;,
   9.561732;0.367115;0.994119;,
   10.949965;0.211662;0.994268;,
   10.938454;0.367115;0.994120;,
   9.553578;0.211662;0.994267;,
   9.137487;-0.823067;-1.021133;,
   9.187686;-0.542049;-0.971395;,
   8.961071;-1.697907;-1.021133;,
   8.961071;-1.870449;-1.021133;,
   13.439022;-2.044351;-0.856286;,
   13.662789;-2.002777;-0.788203;,
   13.844774;-1.673048;-0.819063;,
   13.994970;-1.675074;-0.623595;,
   14.088299;-1.675074;0.013041;,
   13.994970;-1.675074;0.649678;,
   13.844773;-1.911774;0.705811;,
   13.938114;-1.942213;0.013041;,
   14.029698;-1.848727;0.013041;,
   13.844773;-1.911774;-0.679729;,
   13.936370;-1.838962;-0.582027;,
   13.936368;-1.838962;0.608109;,
   8.961071;-1.870449;1.047211;,
   12.079602;-2.044351;0.882367;,
   13.532362;-2.093042;0.013041;,
   13.756128;-2.037266;0.013041;,
   12.079603;-2.044351;-0.856286;,
   12.172933;-2.093042;0.013040;,
   8.985836;-1.652874;-0.902937;,
   12.925720;-2.213122;-0.398081;,
   12.925720;-1.652874;-0.902935;,
   8.985836;-2.213122;-0.398083;,
   8.985836;-2.273987;-0.398083;,
   12.925720;-2.273987;-0.398081;,
   12.925719;-1.652874;0.929017;,
   8.985836;-1.653113;1.057211;,
   12.925719;-1.653113;1.057213;,
   8.985836;-1.652874;0.929015;,
   12.925720;-1.652874;-0.902935;,
   8.985836;-1.653113;-1.031133;,
   8.985836;-1.652874;-0.902937;,
   12.925720;-1.653113;-1.031131;,
   12.925719;-2.213122;0.424163;,
   8.985836;-1.652874;0.929015;,
   12.925719;-1.652874;0.929017;,
   8.985836;-2.213122;0.424161;,
   8.985836;-2.273987;0.424161;,
   12.925719;-2.273987;0.424163;,
   12.074325;-2.065450;0.923319;,
   8.961071;-1.870449;0.923110;,
   8.963871;-2.065450;0.923318;,
   12.073068;-1.870449;0.923112;,
   12.074325;-2.119231;0.903085;,
   8.963871;-2.119231;0.903083;,
   12.074325;-2.178133;0.854743;,
   8.963871;-2.178133;0.854742;,
   12.074325;-2.214056;0.787539;,
   8.963871;-2.214056;0.787538;,
   12.074325;-2.221526;0.711704;,
   8.963871;-2.221526;0.711702;,
   12.074325;-2.199409;0.638783;,
   8.963871;-2.199409;0.638782;,
   12.074325;-2.151062;0.579879;,
   8.963871;-2.151062;0.579877;,
   12.074325;-2.083858;0.527630;,
   8.963871;-2.083858;0.527629;,
   12.073069;-1.870449;0.365716;,
   8.961071;-1.870449;0.365715;,
   8.961071;-1.870449;0.013039;,
   12.073069;-1.870449;-0.339635;,
   12.073069;-1.870449;0.013040;,
   8.961071;-1.870449;-0.339637;,
   12.073069;-1.870449;0.365716;,
   8.961071;-1.870449;0.365715;,
   8.961071;-1.870449;-0.897032;,
   12.074326;-2.065450;-0.897238;,
   8.963871;-2.065450;-0.897240;,
   12.073069;-1.870449;-0.897031;,
   12.074326;-2.119231;-0.877004;,
   8.963871;-2.119231;-0.877005;,
   12.074326;-2.178133;-0.828662;,
   8.963871;-2.178133;-0.828664;,
   12.074326;-2.214056;-0.761459;,
   8.963871;-2.214056;-0.761460;,
   12.074326;-2.221526;-0.685623;,
   8.963871;-2.221526;-0.685625;,
   12.074326;-2.199409;-0.612702;,
   8.963871;-2.199409;-0.612704;,
   12.074326;-2.151062;-0.553798;,
   8.963871;-2.151062;-0.553800;,
   12.074326;-2.083858;-0.501549;,
   8.963871;-2.083858;-0.501551;,
   12.073069;-1.870449;-0.339635;,
   8.961071;-1.870449;-0.339637;,
   8.961071;-1.870449;1.047211;,
   12.073068;-1.870449;0.923112;,
   12.073068;-1.870449;1.047213;,
   8.961071;-1.870449;0.923110;,
   12.073069;-1.870449;-0.897031;,
   8.961071;-1.870449;-1.021133;,
   12.073069;-1.870449;-1.021132;,
   8.961071;-1.870449;-0.897032;,
   13.248218;-2.168482;0.459331;,
   3.761307;-2.038326;0.479626;,
   3.761307;-2.168482;0.459326;,
   13.248218;-2.038326;0.479631;,
   13.248218;-2.249856;0.389655;,
   3.761307;-2.249856;0.389650;,
   13.248218;-2.290588;0.265404;,
   3.761307;-2.290588;0.265399;,
   13.248218;-2.290588;-0.239322;,
   3.761307;-2.290588;-0.239327;,
   3.761307;-2.038326;0.401468;,
   3.761307;-2.168482;0.459326;,
   3.761307;-2.038326;0.479626;,
   3.761307;-2.131334;0.388393;,
   3.761307;-2.249856;0.389650;,
   3.761307;-2.191379;0.340059;,
   3.761307;-2.290588;0.265399;,
   3.761307;-2.218139;0.265399;,
   3.761307;-2.290588;-0.239327;,
   3.761307;-2.218139;-0.239327;,
   3.761307;-2.191379;-0.313986;,
   3.761307;-2.249856;-0.363577;,
   3.761307;-2.131334;-0.362320;,
   3.761307;-2.168482;-0.433254;,
   3.761307;-2.038326;-0.375395;,
   3.761307;-2.038326;-0.453554;,
   13.248218;-2.038326;0.401473;,
   3.761307;-2.131334;0.388393;,
   3.761307;-2.038326;0.401468;,
   13.248218;-2.131334;0.388398;,
   3.761307;-2.191379;0.340059;,
   13.248218;-2.191379;0.340064;,
   3.761307;-2.218139;0.265399;,
   13.248218;-2.218139;0.265404;,
   3.761307;-2.218139;-0.239327;,
   13.248218;-2.218139;-0.239322;,
   13.248218;-2.191379;-0.313981;,
   3.761307;-2.191379;-0.313986;,
   13.248218;-2.131334;-0.362316;,
   3.761307;-2.131334;-0.362320;,
   13.248218;-2.038326;-0.375391;,
   3.761307;-2.038326;-0.375395;,
   2.740520;-2.336765;-0.570066;,
   2.740519;-2.097800;0.806470;,
   2.740520;-2.336765;0.596137;,
   2.740519;-2.405869;0.873396;,
   2.740519;-2.289248;1.080966;,
   2.651241;-2.002216;0.857287;,
   2.651241;-2.190485;1.129096;,
   2.561963;-1.971550;0.908105;,
   2.651241;-2.002216;-0.831215;,
   2.740520;-2.097800;-0.780398;,
   2.561964;-1.971550;-0.882033;,
   -5.605440;-1.971550;-0.882037;,
   -5.605440;-1.971550;0.908101;,
   -5.605440;-2.156650;1.177221;,
   2.561963;-2.156650;1.177225;,
   2.651241;-2.521637;1.288486;,
   2.740519;-2.617221;1.224607;,
   2.740519;-2.775032;0.962004;,
   2.740519;-3.862568;1.182503;,
   2.665327;-3.897180;1.270701;,
   2.561963;-2.490971;1.326237;,
   -5.605440;-2.490971;1.326233;,
   -5.677847;-2.185520;1.129663;,
   -5.677847;-1.997240;0.857853;,
   -5.677847;-1.997240;-0.831790;,
   -5.744957;-2.097800;-0.780402;,
   -5.744957;-2.097800;0.806466;,
   -5.744957;-2.289248;1.080962;,
   -5.744957;-2.336765;0.596133;,
   -5.744957;-2.336765;-0.570070;,
   -5.744957;-2.405869;0.873392;,
   -5.744957;-2.617221;1.224603;,
   -5.681898;-2.547993;1.292658;,
   -5.681898;-3.493318;1.271611;,
   -5.744957;-3.456770;1.182499;,
   -5.744957;-3.456770;0.962000;,
   -5.744957;-2.775032;0.962000;,
   2.561963;-3.862568;1.326237;,
   2.479188;-3.851124;1.326237;,
   -4.724501;-3.601234;1.326234;,
   -5.501764;-3.437868;1.326233;,
   -5.605440;-3.479170;1.326233;,
   -5.597233;-3.684098;1.254366;,
   -5.637331;-3.726746;1.182499;,
   -5.637331;-3.726746;0.962000;,
   -5.401930;-3.860659;1.182499;,
   -5.397984;-3.813872;1.254366;,
   -5.525656;-3.605006;1.326233;,
