xof 0303txt 0032
template ColorRGBA {
 <35ff44e0-6c7c-11cf-8f52-0040333594a3>
 FLOAT red;
 FLOAT green;
 FLOAT blue;
 FLOAT alpha;
}

template ColorRGB {
 <d3e16e81-7835-11cf-8f52-0040333594a3>
 FLOAT red;
 FLOAT green;
 FLOAT blue;
}

template Material {
 <3d82ab4d-62da-11cf-ab39-0020af71e433>
 ColorRGBA faceColor;
 FLOAT power;
 ColorRGB specularColor;
 ColorRGB emissiveColor;
 [...]
}

template TextureFilename {
 <a42790e1-7810-11cf-8f52-0040333594a3>
 STRING filename;
}

template Frame {
 <3d82ab46-62da-11cf-ab39-0020af71e433>
 [...]
}

template Matrix4x4 {
 <f6f23f45-7686-11cf-8f52-0040333594a3>
 array FLOAT matrix[16];
}

template FrameTransformMatrix {
 <f6f23f41-7686-11cf-8f52-0040333594a3>
 Matrix4x4 frameMatrix;
}

template Vector {
 <3d82ab5e-62da-11cf-ab39-0020af71e433>
 FLOAT x;
 FLOAT y;
 FLOAT z;
}

template MeshFace {
 <3d82ab5f-62da-11cf-ab39-0020af71e433>
 DWORD nFaceVertexIndices;
 array DWORD faceVertexIndices[nFaceVertexIndices];
}

template Mesh {
 <3d82ab44-62da-11cf-ab39-0020af71e433>
 DWORD nVertices;
 array Vector vertices[nVertices];
 DWORD nFaces;
 array MeshFace faces[nFaces];
 [...]
}

template MeshMaterialList {
 <f6f23f42-7686-11cf-8f52-0040333594a3>
 DWORD nMaterials;
 DWORD nFaceIndexes;
 array DWORD faceIndexes[nFaceIndexes];
 [Material <3d82ab4d-62da-11cf-ab39-0020af71e433>]
}

template VertexElement {
 <f752461c-1e23-48f6-b9f8-8350850f336f>
 DWORD Type;
 DWORD Method;
 DWORD Usage;
 DWORD UsageIndex;
}

template DeclData {
 <bf22e553-292c-4781-9fea-62bd554bdd93>
 DWORD nElements;
 array VertexElement Elements[nElements];
 DWORD nDWords;
 array DWORD data[nDWords];
}

template XSkinMeshHeader {
 <3cf169ce-ff7c-44ab-93c0-f78f62d172e2>
 WORD nMaxSkinWeightsPerVertex;
 WORD nMaxSkinWeightsPerFace;
 WORD nBones;
}

template SkinWeights {
 <6f0d123b-bad2-4167-a0d0-80224f25fabb>
 STRING transformNodeName;
 DWORD nWeights;
 array DWORD vertexIndices[nWeights];
 array FLOAT weights[nWeights];
 Matrix4x4 matrixOffset;
}

template AnimTicksPerSecond {
 <9e415a43-7ba6-4a73-8743-b73d47e88476>
 DWORD AnimTicksPerSecond;
}

template Animation {
 <3d82ab4f-62da-11cf-ab39-0020af71e433>
 [...]
}

template AnimationSet {
 <3d82ab50-62da-11cf-ab39-0020af71e433>
 [Animation <3d82ab4f-62da-11cf-ab39-0020af71e433>]
}

template FloatKeys {
 <10dd46a9-775b-11cf-8f52-0040333594a3>
 DWORD nValues;
 array FLOAT values[nValues];
}

template TimedFloatKeys {
 <f406b180-7b3b-11cf-8f52-0040333594a3>
 DWORD time;
 FloatKeys tfkeys;
}

template AnimationKey {
 <10dd46a8-775b-11cf-8f52-0040333594a3>
 DWORD keyType;
 DWORD nKeys;
 array TimedFloatKeys keys[nKeys];
}


Material Material__106 {
 1.000000;1.000000;1.000000;1.000000;;
 10.000000;
 0.000000;0.000000;0.000000;;
 0.000000;0.000000;0.000000;;

 TextureFilename {
  "MedInjector_D.tga";
 }
}

Material Material__107 {
 1.000000;1.000000;1.000000;1.000000;;
 10.000000;
 0.000000;0.000000;0.000000;;
 0.000000;0.000000;0.000000;;

 TextureFilename {
  "hands_1stP_military_diff_6.tga";
 }
}

Frame SceneRoot {
 

 FrameTransformMatrix {
  1.000000,0.000000,0.000000,0.000000,0.000000,1.000000,0.000000,0.000000,0.000000,0.000000,1.000000,0.000000,0.000000,0.000000,0.000000,1.000000;;
 }

 Frame RootBone {
  

  FrameTransformMatrix {
   0.000000,0.000000,1.200000,0.000000,0.000000,1.200000,0.000000,0.000000,-1.200000,0.000000,0.000000,0.000000,-5.748610,1.631884,-0.656108,1.000000;;
  }

  Frame Hands_Hub01 {
   

   FrameTransformMatrix {
    0.000001,1.000000,-0.000001,0.000000,0.000002,0.000001,1.000000,0.000000,1.000000,-0.000001,-0.000002,0.000000,-11.577376,-1.276816,-4.880899,1.000000;;
   }

   Frame Hands_LArmCollarbone {
    

    FrameTransformMatrix {
     -0.056644,0.350290,-0.934927,0.000000,-0.972180,0.193826,0.131522,0.000000,0.227284,0.916367,0.329566,0.000000,0.550024,0.782968,6.584861,1.000000;;
    }

    Frame Hands_LArm1 {
     

     FrameTransformMatrix {
      0.400686,0.531990,0.745947,0.000000,0.538952,0.521547,-0.661452,0.000000,-0.740933,0.667064,-0.077741,0.000000,7.387081,-0.000000,-0.000000,1.000000;;
     }

     Frame Hands_LArm2 {
      

      FrameTransformMatrix {
       -0.380883,-0.117827,0.917085,0.000000,0.277114,0.931707,0.234796,0.000000,-0.882120,0.343567,-0.322220,0.000000,15.749218,0.000001,-0.000001,1.000000;;
      }

      Frame Hands_LArmPalm {
       

       FrameTransformMatrix {
        0.968127,-0.146418,-0.203200,0.000000,0.059911,-0.652380,0.755520,0.000000,-0.243186,-0.743614,-0.622815,0.000000,13.645368,0.000000,0.000000,1.000000;;
       }

       Frame Hands_LArmThumb1 {
        

        FrameTransformMatrix {
         0.581732,0.812895,-0.028101,0.000000,-0.523724,0.347911,-0.777606,0.000000,-0.622335,0.467075,0.628124,0.000000,1.025019,0.149494,-1.053124,1.000000;;
        }

        Frame Hands_LArmThumb2 {
         

         FrameTransformMatrix {
          0.822306,-0.073814,-0.564238,0.000000,0.069069,0.997167,-0.029791,0.000000,0.564838,-0.014474,0.825075,0.000000,2.997646,-0.000000,0.000000,1.000000;;
         }

         Frame Hands_LArmThumb3 {
          

          FrameTransformMatrix {
           0.991342,-0.008487,-0.131031,0.000000,0.008711,0.999961,0.001132,0.000000,0.131016,-0.002264,0.991378,0.000000,1.568376,-0.000000,-0.000001,1.000000;;
          }
         }
        }
       }

       Frame Hands_LArmFinger11 {
        

        FrameTransformMatrix {
         0.967278,0.245778,0.062980,0.000000,-0.224376,0.944519,-0.239874,0.000000,-0.118442,0.217894,0.968759,0.000000,4.651294,1.298333,-0.184426,1.000000;;
        }

        Frame Hands_LArmFinger12 {
         

         FrameTransformMatrix {
          0.913790,-0.019751,-0.405707,0.000000,0.022303,0.999750,0.001563,0.000000,0.405575,-0.010477,0.914002,0.000000,1.967897,0.000000,-0.000001,1.000000;;
         }

         Frame Hands_LArmFinger13 {
          

          FrameTransformMatrix {
           0.993026,-0.021888,-0.115842,0.000000,0.021865,0.999760,-0.001469,0.000000,0.115847,-0.001074,0.993267,0.000000,1.282020,0.000000,0.000000,1.000000;;
          }
         }
        }
       }

       Frame Hands_LArmFinger21 {
        

        FrameTransformMatrix {
         0.997243,0.021626,0.070981,0.000000,-0.012926,0.992591,-0.120811,0.000000,-0.073068,0.119561,0.990134,0.000000,4.644096,0.310962,0.107952,1.000000;;
        }

        Frame Hands_LArmFinger22 {
         

         FrameTransformMatrix {
          0.932604,-0.042921,-0.358341,0.000000,0.041156,0.999074,-0.012556,0.000000,0.358548,-0.003038,0.933506,0.000000,2.267685,-0.000002,0.000000,1.000000;;
         }

         Frame Hands_LArmFinger23 {
          

          FrameTransformMatrix {
           0.993294,0.047344,-0.105474,0.000000,-0.048761,0.998751,-0.010888,0.000000,0.104827,0.015958,0.994363,0.000000,1.357073,-0.000002,0.000000,1.000000;;
          }
         }
        }
       }

       Frame Hands_LArmFinger31 {
        

        FrameTransformMatrix {
         0.991075,-0.133182,-0.005663,0.000000,0.133258,0.990947,0.016352,0.000000,0.003434,-0.016961,0.999850,0.000000,0.370761,-0.194487,0.112024,1.000000;;
        }

        Frame Hands_LArmFinger32 {
         

         FrameTransformMatrix {
          0.998708,-0.044298,0.024884,0.000000,0.040165,0.988271,0.147329,0.000000,-0.031118,-0.146140,0.988774,0.000000,4.166522,0.000001,0.000000,1.000000;;
         }

         Frame Hands_LArmFinger33 {
          

          FrameTransformMatrix {
           0.943347,0.064832,-0.325413,0.000000,-0.068006,0.997684,0.001623,0.000000,0.324765,0.020599,0.945571,0.000000,2.171416,0.000000,-0.000000,1.000000;;
          }

          Frame Hands_LArmFinger34 {
           

           FrameTransformMatrix {
            0.998142,0.008846,-0.060280,0.000000,-0.008714,0.999959,0.002463,0.000000,0.060299,-0.001934,0.998179,0.000000,1.301953,0.000002,0.000001,1.000000;;
           }
          }
         }
        }
       }

       Frame Hands_LArmFinger41 {
        

        FrameTransformMatrix {
         0.949071,-0.301639,-0.090982,0.000000,0.307962,0.949121,0.065791,0.000000,0.066508,-0.090459,0.993677,0.000000,0.379577,-0.407060,0.157657,1.000000;;
        }

        Frame Hands_LArmFinger42 {
         

         FrameTransformMatrix {
          0.998229,-0.055490,-0.021452,0.000000,0.057839,0.989610,0.131628,0.000000,0.013925,-0.132636,0.991067,0.000000,3.826998,-0.000002,0.000001,1.000000;;
         }

         Frame Hands_LArmFinger43 {
          

          FrameTransformMatrix {
           0.973160,0.156368,-0.168847,0.000000,-0.157151,0.987536,0.008798,0.000000,0.168119,0.017972,0.985603,0.000000,1.617777,0.000000,-0.000001,1.000000;;
          }

          Frame Hands_LArmFinger44 {
           

           FrameTransformMatrix {
            0.990357,-0.077552,-0.114796,0.000000,0.080168,0.996613,0.018338,0.000000,0.112985,-0.027364,0.993220,0.000000,1.026681,0.000000,0.000000,1.000000;;
           }
          }
         }
        }
       }

       Frame Hands_LPalm_morph {
        

        FrameTransformMatrix {
         1.000000,-0.000000,0.000000,0.000000,-0.000000,1.000000,0.000000,0.000000,0.000000,0.000000,1.000000,0.000000,0.000004,-0.000001,2.736034,1.000000;;
        }
       }
      }

      Frame Hands_Lwrist {
       

       FrameTransformMatrix {
        1.000000,-0.000000,0.000000,0.000000,-0.000000,1.000000,0.000000,0.000000,-0.000000,0.000000,1.000000,0.000000,12.667582,0.000000,0.000001,1.000000;;
       }
      }

      Frame Hands_LSleeve {
       

       FrameTransformMatrix {
        1.000000,-0.000000,0.000000,0.000000,-0.000000,1.000000,0.000000,0.000000,-0.000000,0.000000,1.000000,0.000000,11.831038,-0.000001,0.000001,1.000000;;
       }
      }
     }
    }
   }

   Frame Hands_RArmCollarbone {
    

    FrameTransformMatrix {
     0.159766,-0.959311,-0.232801,0.000000,0.972180,0.193826,-0.131522,0.000000,0.171293,-0.205312,0.963590,0.000000,0.550024,-0.782969,6.584862,1.000000;;
    }

    Frame Hands_RArm1 {
     

     FrameTransformMatrix {
      -0.130835,-0.961685,0.240927,0.000000,0.486923,0.149353,0.860581,0.000000,-0.863590,0.229907,0.448726,0.000000,7.387082,0.000000,0.000001,1.000000;;
     }

     Frame Hands_RArm2 {
      

      FrameTransformMatrix {
       -0.030037,0.618967,0.784842,0.000000,-0.572653,0.632904,-0.521057,0.000000,-0.819247,-0.465093,0.335444,0.000000,15.749219,0.000000,0.000000,1.000000;;
      }

      Frame Hands_RArmPalm {
       

       FrameTransformMatrix {
        0.854489,0.394482,0.337982,0.000000,0.498804,-0.441397,-0.745898,0.000000,-0.145059,0.805948,-0.573939,0.000000,13.645378,-0.000000,-0.000001,1.000000;;
       }

       Frame Hands_RArmThumb1 {
        

        FrameTransformMatrix {
         0.748361,-0.553018,-0.366233,0.000000,0.432588,-0.011633,0.901517,0.000000,-0.502815,-0.833088,0.230523,0.000000,1.025019,-0.149493,-1.053123,1.000000;;
        }

        Frame Hands_RArmThumb2 {
         

         FrameTransformMatrix {
          0.735693,0.071082,-0.673575,0.000000,-0.069069,0.997167,0.029791,0.000000,0.673784,0.024606,0.738518,0.000000,2.997646,0.000001,-0.000001,1.000000;;
         }

         Frame Hands_RArmThumb3 {
          

          FrameTransformMatrix {
           0.551500,0.003860,-0.834166,0.000000,-0.008711,0.999962,-0.001132,0.000000,0.834129,0.007891,0.551512,0.000000,1.568376,0.000000,0.000002,1.000000;;
          }
         }
        }
       }

       Frame Hands_RArmFinger11 {
        

        FrameTransformMatrix {
         0.998432,0.042658,-0.036242,0.000000,-0.045600,0.995365,-0.084671,0.000000,0.032462,0.086191,0.995749,0.000000,4.651288,-1.298333,-0.184425,1.000000;;
        }

        Frame Hands_RArmFinger12 {
         

         FrameTransformMatrix {
          0.157705,0.000510,-0.987486,0.000000,-0.005771,0.999983,-0.000405,0.000000,0.987469,0.005762,0.157705,0.000000,1.967896,0.000001,0.000000,1.000000;;
         }

         Frame Hands_RArmFinger13 {
          

          FrameTransformMatrix {
           0.661285,0.001810,-0.750132,0.000000,0.020012,0.999599,0.020053,0.000000,0.749868,-0.028272,0.660983,0.000000,1.282020,0.000000,-0.000000,1.000000;;
          }
         }
        }
       }

       Frame Hands_RArmFinger21 {
        

        FrameTransformMatrix {
         0.530874,-0.043585,-0.846329,0.000000,-0.060957,0.994126,-0.089432,0.000000,0.845256,0.099067,0.525099,0.000000,4.644094,-0.310961,0.107954,1.000000;;
        }

        Frame Hands_RArmFinger22 {
         

         FrameTransformMatrix {
          -0.086551,-0.000541,-0.996247,0.000000,0.002493,0.999996,-0.000760,0.000000,0.996244,-0.002550,-0.086550,0.000000,2.267684,0.000000,0.000000,1.000000;;
         }

         Frame Hands_RArmFinger23 {
          

          FrameTransformMatrix {
           0.787027,-0.052296,-0.614698,0.000000,0.028455,0.998418,-0.048510,0.000000,0.616263,0.020687,0.787269,0.000000,1.357073,-0.000001,0.000001,1.000000;;
          }
         }
        }
       }

       Frame Hands_RArmFinger31 {
        

        FrameTransformMatrix {
         0.991076,0.133182,-0.005663,0.000000,-0.133258,0.990947,-0.016352,0.000000,0.003434,0.016961,0.999850,0.000000,0.370755,0.194489,0.112024,1.000000;;
        }

        Frame Hands_RArmFinger32 {
         

         FrameTransformMatrix {
          0.511400,-0.106340,-0.852738,0.000000,-0.040165,0.988272,-0.147329,0.000000,0.858404,0.109594,0.501131,0.000000,4.166521,0.000001,0.000000,1.000000;;
         }

         Frame Hands_RArmFinger33 {
          

          FrameTransformMatrix {
           -0.084803,-0.000384,-0.996398,0.000000,-0.006176,0.999981,0.000140,0.000000,0.996379,0.006165,-0.084804,0.000000,2.171417,-0.000002,-0.000001,1.000000;;
          }

          Frame Hands_RArmFinger34 {
           

           FrameTransformMatrix {
            0.852670,0.051471,-0.519909,0.000000,-0.078141,0.996506,-0.029499,0.000000,0.516574,0.065779,0.853712,0.000000,1.301953,0.000001,0.000001,1.000000;;
           }
          }
         }
        }
       }

       Frame Hands_RArmFinger41 {
        

        FrameTransformMatrix {
         0.949071,0.301639,-0.090982,0.000000,-0.307962,0.949121,-0.065791,0.000000,0.066508,0.090459,0.993677,0.000000,0.379572,0.407062,0.157658,1.000000;;
        }

        Frame Hands_RArmFinger42 {
         

         FrameTransformMatrix {
          0.644387,-0.063697,-0.762041,0.000000,-0.057840,0.989610,-0.131628,0.000000,0.762509,0.128896,0.634008,0.000000,3.826998,0.000001,0.000001,1.000000;;
         }

         Frame Hands_RArmFinger43 {
          

          FrameTransformMatrix {
           0.198004,-0.020322,-0.979991,0.000000,0.080731,0.996727,-0.004358,0.000000,0.976871,-0.078253,0.198996,0.000000,1.617779,-0.000002,0.000002,1.000000;;
          }

          Frame Hands_RArmFinger44 {
           

           FrameTransformMatrix {
            0.671023,0.073862,-0.737749,0.000000,-0.093817,0.995486,0.014334,0.000000,0.735477,0.059595,0.674924,0.000000,1.026678,0.000000,0.000001,1.000000;;
           }
          }
         }
        }
       }

       Frame Hands_RPalm_morph {
        

        FrameTransformMatrix {
         1.000000,0.000000,0.000000,0.000000,-0.000000,1.000000,-0.000000,0.000000,0.000000,-0.000000,1.000000,0.000000,0.000001,0.000000,2.736033,1.000000;;
        }
       }
      }

      Frame Hands_R_wrist {
       

       FrameTransformMatrix {
        1.000000,-0.000000,0.000000,0.000000,-0.000000,1.000000,0.000000,0.000000,-0.000000,-0.000000,1.000000,0.000000,12.667592,0.000002,-0.000002,1.000000;;
       }
      }

      Frame Hands_R_Sleeve {
       

       FrameTransformMatrix {
        1.000000,-0.000000,0.000000,0.000000,-0.000000,1.000000,0.000000,0.000000,-0.000000,-0.000000,1.000000,0.000000,11.831045,0.000000,-0.000005,1.000000;;
       }
      }
     }
    }
   }
  }

  Frame Syringe {
   

   FrameTransformMatrix {
    0.727596,0.676132,0.115975,0.000000,-0.683635,0.728689,0.040697,0.000000,-0.056993,-0.108895,0.992418,0.000000,13.129720,-4.678445,-9.033589,1.000000;;
   }

   Frame Syringe_Capsule {
    

    FrameTransformMatrix {
     1.000000,-0.000000,-0.000000,0.000000,0.000000,1.000000,0.000000,0.000000,0.000000,0.000000,1.000000,0.000000,2.300692,4.714676,-0.037394,1.000000;;
    }

    Frame Juice {
     

     FrameTransformMatrix {
      1.000000,0.000000,-0.000000,0.000000,0.000000,1.000000,0.000000,0.000000,0.000000,0.000000,1.000000,0.000000,-0.005074,1.466620,-0.002144,1.000000;;
     }
    }
   }
  }
 }

 Frame Syringe_Trip {
  

  FrameTransformMatrix {
   1.000000,0.000000,0.000000,0.000000,0.000000,1.000000,0.000000,0.000000,0.000000,0.000000,1.000000,0.000000,0.000000,0.000000,0.000000,1.000000;;
  }

  Mesh Syringe_Trip {
   4888;
   20.788280;-1.310764;-6.430751;,
   20.904261;-1.173804;-6.635722;,
   20.842117;-1.311334;-6.635722;,
   20.842043;-1.173144;-6.399977;,
   20.641654;-1.310464;-6.284458;,
   20.672592;-1.172794;-6.230910;,
   20.441528;-1.310514;-6.231078;,
   20.441309;-1.172854;-6.169217;,
   20.241522;-1.310894;-6.284911;,
   20.210165;-1.173294;-6.231432;,
   20.095226;-1.311514;-6.431536;,
   20.041098;-1.174014;-6.400883;,
   20.041848;-1.312204;-6.635722;,
   19.979406;-1.174804;-6.635722;,
   20.017214;-1.115584;-6.490370;,
   19.979344;-1.116064;-6.635722;,
   20.017214;-1.115584;-6.781074;,
   20.017214;-1.115584;-6.781074;,
   20.041098;-1.174014;-6.870561;,
   20.095226;-1.311514;-6.839908;,
   20.210165;-1.173294;-7.040012;,
   20.241522;-1.310894;-6.986533;,
   20.441309;-1.172854;-7.102227;,
   20.441528;-1.310514;-7.040366;,
   20.672592;-1.172794;-7.040534;,
   20.641654;-1.310464;-6.986986;,
   20.842043;-1.173144;-6.871467;,
   20.788280;-1.310764;-6.840693;,
   20.696499;-1.421644;-6.787840;,
   20.736046;-1.422064;-6.635722;,
   20.576760;-1.493624;-6.718710;,
   20.597682;-1.493844;-6.635722;,
   20.576760;-1.493624;-6.552735;,
   20.696499;-1.421644;-6.483604;,
   20.588786;-1.421424;-6.376135;,
   20.441768;-1.421464;-6.336921;,
   20.294842;-1.421744;-6.376468;,
   20.187373;-1.422204;-6.484180;,
   20.148158;-1.422704;-6.635722;,
   20.187373;-1.422204;-6.787264;,
   20.294842;-1.421744;-6.894976;,
   20.441768;-1.421464;-6.934523;,
   20.588786;-1.421424;-6.895309;,
   20.519779;-1.493504;-6.775562;,
   20.442003;-1.493524;-6.796307;,
   20.364275;-1.493674;-6.775386;,
   20.307422;-1.493914;-6.718404;,
   20.294842;-1.421744;-6.894976;,
   20.286678;-1.494184;-6.635722;,
   20.307422;-1.493914;-6.553040;,
   20.364275;-1.493674;-6.496058;,
   20.442003;-1.493524;-6.475137;,
   20.519779;-1.493504;-6.495882;,
   20.576760;-1.493624;-6.552735;,
   20.866002;-1.114664;-6.489410;,
   20.904195;-1.115064;-6.635722;,
   20.866002;-1.114664;-6.782035;,
   20.863258;1.420506;-6.774073;,
   20.839229;1.425096;-6.863307;,
   20.669778;1.425446;-7.032375;,
   20.438494;1.425396;-7.094066;,
   20.207352;1.424946;-7.031851;,
   20.038285;1.424226;-6.862401;,
   20.238411;1.562276;-6.977509;,
   20.438416;1.562656;-7.031344;,
   20.638546;1.562706;-6.977962;,
   20.785170;1.562406;-6.831670;,
   20.839006;1.561836;-6.635722;,
   20.732694;1.672336;-6.635722;,
   20.785170;1.562406;-6.439775;,
   20.693146;1.672756;-6.493322;,
   20.594176;1.743816;-6.635722;,
   20.573254;1.744036;-6.562903;,
   20.438646;1.768426;-6.635722;,
   20.516272;1.744156;-6.506049;,
   20.438498;1.744136;-6.485304;,
   20.360770;1.743986;-6.506226;,
   20.303917;1.743746;-6.563207;,
   20.184021;1.672206;-6.493898;,
   20.291491;1.672656;-6.386186;,
   20.438418;1.672946;-6.346639;,
   20.585434;1.672976;-6.385853;,
   20.638546;1.562706;-6.293482;,
   20.669778;1.425446;-6.239069;,
   20.839229;1.425096;-6.408137;,
   20.901445;1.424446;-6.635722;,
   20.901451;1.420106;-6.635722;,
   20.863258;1.420506;-6.497371;,
   20.438494;1.425396;-6.177378;,
   20.438416;1.562656;-6.240100;,
   20.238411;1.562276;-6.293935;,
   20.092117;1.561656;-6.440559;,
   20.038736;1.560966;-6.635722;,
   20.144808;1.671696;-6.635722;,
   20.283173;1.743476;-6.635722;,
   20.303917;1.743746;-6.708237;,
   20.184021;1.672206;-6.777546;,
   20.092117;1.561656;-6.830885;,
   20.291491;1.672656;-6.885258;,
   19.976594;1.423436;-6.635722;,
   20.038285;1.424226;-6.409043;,
   20.207352;1.424946;-6.239593;,
   20.014469;1.419586;-6.498331;,
   19.976597;1.419096;-6.635722;,
   20.014469;1.419586;-6.773114;,
   20.360770;1.743986;-6.765218;,
   20.438498;1.744136;-6.786140;,
   20.438418;1.672946;-6.924805;,
   20.585434;1.672976;-6.885591;,
   20.693146;1.672756;-6.778122;,
   20.573254;1.744036;-6.708541;,
   20.516272;1.744156;-6.765395;,
   20.944306;-1.181334;-6.635722;,
   20.818274;-1.331194;-6.413339;,
   20.876768;-1.331814;-6.635722;,
   20.876704;-1.180614;-6.379895;,
   20.905424;-1.114584;-6.478798;,
   20.945022;-1.115014;-6.635722;,
   20.905424;-1.114584;-6.792646;,
   20.876704;-1.180614;-6.891549;,
   20.818274;-1.331194;-6.858105;,
   20.718928;-1.451544;-6.800900;,
   20.601733;-1.451304;-6.917830;,
   20.529566;-1.527454;-6.792604;,
   20.442019;-1.527474;-6.815956;,
   20.441773;-1.451344;-6.960496;,
   20.354523;-1.527644;-6.792405;,
   20.281909;-1.451654;-6.917467;,
   20.290523;-1.527914;-6.728263;,
   20.164978;-1.452144;-6.800272;,
   20.224194;-1.331344;-7.016567;,
   20.065242;-1.332014;-6.857252;,
   20.190117;-1.180784;-7.074686;,
   20.441272;-1.180294;-7.142288;,
   20.441510;-1.330924;-7.075060;,
   20.658958;-1.330874;-7.017060;,
   20.692581;-1.180234;-7.075256;,
   20.689749;1.433146;-7.067047;,
   20.873875;1.432766;-6.883342;,
   20.902680;1.420586;-6.784684;,
   20.941477;1.432056;-6.635722;,
   20.873613;1.582396;-6.635722;,
   20.873875;1.432766;-6.388102;,
   20.815118;1.583016;-6.422490;,
   20.758541;1.702326;-6.635722;,
   20.815118;1.583016;-6.848954;,
   20.655803;1.583346;-7.007907;,
   20.715512;1.702786;-6.790994;,
   20.608459;1.780116;-6.635722;,
   20.715512;1.702786;-6.480451;,
   20.655803;1.583346;-6.263538;,
   20.598317;1.703026;-6.363520;,
   20.585611;1.780356;-6.555841;,
   20.438605;1.807176;-6.635722;,
   20.523378;1.780486;-6.493752;,
   20.438357;1.702986;-6.320854;,
   20.438440;1.780456;-6.471095;,
   20.523378;1.780486;-6.493752;,
   20.353554;1.780296;-6.493944;,
   20.291466;1.780036;-6.556175;,
   20.268808;1.779746;-6.635722;,
   20.118896;1.701636;-6.635722;,
   20.291466;1.780036;-6.715270;,
   20.353554;1.780296;-6.777500;,
   20.161562;1.702186;-6.790366;,
   20.004085;1.581456;-6.635722;,
   20.161562;1.702186;-6.481078;,
   20.278491;1.702676;-6.363882;,
   20.221038;1.582866;-6.264029;,
   20.438355;1.583286;-6.205536;,
   20.438440;1.433086;-6.137364;,
   20.689749;1.433146;-6.204397;,
   20.692581;-1.180234;-6.196188;,
   20.658958;-1.330874;-6.254384;,
   20.601733;-1.451304;-6.353614;,
   20.718928;-1.451544;-6.470544;,
   20.761957;-1.452004;-6.635722;,
   20.593709;-1.527584;-6.728606;,
   20.617259;-1.527834;-6.635722;,
   20.593709;-1.527584;-6.542838;,
   20.529566;-1.527454;-6.478840;,
   20.442019;-1.527474;-6.455488;,
   20.441773;-1.451344;-6.310948;,
   20.441510;-1.330924;-6.196384;,
   20.441272;-1.180294;-6.129156;,
   20.190117;-1.180784;-6.196758;,
   20.224194;-1.331344;-6.254877;,
   20.281909;-1.451654;-6.353977;,
   20.354523;-1.527644;-6.479039;,
   20.290523;-1.527914;-6.543181;,
   20.164978;-1.452144;-6.471172;,
   20.065242;-1.332014;-6.414192;,
   20.006408;-1.181564;-6.380880;,
   20.007240;-1.332764;-6.635722;,
   19.939378;-1.182424;-6.635722;,
   19.977768;-1.115594;-6.479848;,
   19.938518;-1.116114;-6.635722;,
   19.977768;-1.115594;-6.791596;,
   20.006408;-1.181564;-6.890564;,
   20.187286;1.432606;-7.066479;,
   20.438440;1.433086;-7.134082;,
   20.438355;1.583286;-7.065908;,
   20.221038;1.582866;-7.007415;,
   20.438357;1.702986;-6.950590;,
   20.598317;1.703026;-6.907924;,
   20.585611;1.780356;-6.715603;,
   20.523378;1.780486;-6.777692;,
   20.438440;1.780456;-6.800350;,
   20.278491;1.702676;-6.907562;,
   20.062085;1.582196;-6.848101;,
   19.936549;1.430966;-6.635722;,
   20.003581;1.431826;-6.882357;,
   19.975021;1.419576;-6.783635;,
   19.935774;1.419056;-6.635722;,
   19.975021;1.419576;-6.487809;,
   20.003581;1.431826;-6.389087;,
   20.187286;1.432606;-6.204965;,
   20.122310;-1.452694;-6.635722;,
   20.267171;-1.528214;-6.635722;,
   20.062085;1.582196;-6.423343;,
   20.902680;1.420586;-6.486760;,
   20.942277;1.420146;-6.635722;,
   19.979344;-1.116064;-6.635722;,
   19.977768;-1.115594;-6.479848;,
   20.017214;-1.115584;-6.490370;,
   19.938518;-1.116114;-6.635722;,
   19.977768;-1.115594;-6.791596;,
   20.017214;-1.115584;-6.781074;,
   20.866002;-1.114664;-6.489410;,
   20.945022;-1.115014;-6.635722;,
   20.904195;-1.115064;-6.635722;,
   20.905424;-1.114584;-6.478798;,
   20.866002;-1.114664;-6.782035;,
   20.905424;-1.114584;-6.792646;,
   20.508621;-1.367804;-6.828103;,
   20.251262;-1.367824;-6.744803;,
   20.366411;-1.367964;-6.828264;,
   20.667371;-1.366904;-6.609082;,
   20.250955;-1.366934;-6.474301;,
   20.207163;-1.367434;-6.609602;,
   20.508128;-1.366364;-6.390421;,
   20.365914;-1.366534;-6.390582;,
   20.623272;-1.366514;-6.473881;,
   20.623581;-1.367404;-6.744383;,
   20.629562;-1.618944;-6.808249;,
   20.710186;-1.469844;-6.613050;,
   20.710331;-1.618294;-6.612633;,
   20.629419;-1.470494;-6.808666;,
   20.434130;-1.619374;-6.889459;,
   20.433984;-1.470924;-6.889876;,
   20.238512;-1.619334;-6.808691;,
   20.238370;-1.470894;-6.809109;,
   20.157299;-1.618854;-6.613259;,
   20.157155;-1.470404;-6.613676;,
   20.238067;-1.618204;-6.417643;,
   20.157155;-1.470404;-6.613676;,
   20.157299;-1.618854;-6.613259;,
   20.237923;-1.469754;-6.418061;,
   20.433502;-1.617764;-6.336434;,
   20.433357;-1.469324;-6.336850;,
   20.629120;-1.617804;-6.417200;,
   20.628974;-1.469364;-6.417618;,
   20.710331;-1.618294;-6.612633;,
   20.628974;-1.469364;-6.417618;,
   20.629120;-1.617804;-6.417200;,
   20.710186;-1.469844;-6.613050;,
   20.431702;-1.615134;-7.056834;,
   20.009738;-1.615134;-6.476048;,
   20.568806;-1.615134;-7.035119;,
   19.988022;-1.615134;-6.613155;,
   20.294598;-1.615134;-7.035119;,
   20.009738;-1.615134;-6.750261;,
   20.072755;-1.615134;-6.873944;,
   20.170912;-1.615134;-6.972100;,
   20.692491;-1.615134;-6.972100;,
   20.072755;-1.615134;-6.352366;,
   20.170912;-1.615134;-6.254210;,
   20.790648;-1.615134;-6.873944;,
   20.853666;-1.615134;-6.750261;,
   20.294598;-1.615134;-6.191190;,
   20.431702;-1.615134;-6.169475;,
   20.875381;-1.615134;-6.613155;,
   20.568806;-1.615134;-6.191190;,
   20.853666;-1.615134;-6.476048;,
   20.790648;-1.615134;-6.352366;,
   20.692491;-1.615134;-6.254210;,
   20.009738;-1.615134;-6.476048;,
   19.927374;-1.662204;-6.613155;,
   19.952059;-1.662204;-6.457309;,
   19.988022;-1.615134;-6.613155;,
   19.952059;-1.662204;-6.769001;,
   20.009738;-1.615134;-6.750261;,
   20.023694;-1.662204;-6.909589;,
   20.072755;-1.615134;-6.873944;,
   20.135267;-1.662204;-7.021163;,
   20.170912;-1.615134;-6.972100;,
   20.275856;-1.662204;-7.092798;,
   20.294598;-1.615134;-7.035119;,
   20.431702;-1.662204;-7.117481;,
   20.431702;-1.615134;-7.056834;,
   20.587547;-1.662204;-7.092798;,
   20.568806;-1.615134;-7.035119;,
   20.728136;-1.662204;-7.021163;,
   20.692491;-1.615134;-6.972100;,
   20.839709;-1.662204;-6.909589;,
   20.790648;-1.615134;-6.873944;,
   20.911344;-1.662204;-6.769001;,
   20.853666;-1.615134;-6.750261;,
   20.936029;-1.662204;-6.613155;,
   20.875381;-1.615134;-6.613155;,
   20.072755;-1.615134;-6.352366;,
   20.023694;-1.662204;-6.316720;,
   20.170912;-1.615134;-6.254210;,
   20.135267;-1.662204;-6.205146;,
   20.294598;-1.615134;-6.191190;,
   20.275856;-1.662204;-6.133512;,
   20.431702;-1.615134;-6.169475;,
   20.431702;-1.662204;-6.108828;,
   20.568806;-1.615134;-6.191190;,
   20.587547;-1.662204;-6.133512;,
   20.692491;-1.615134;-6.254210;,
   20.728136;-1.662204;-6.205146;,
   20.790648;-1.615134;-6.352366;,
   20.839709;-1.662204;-6.316721;,
   20.853666;-1.615134;-6.476048;,
   20.911344;-1.662204;-6.457309;,
   20.875381;-1.615134;-6.613155;,
   20.936029;-1.662204;-6.613155;,
   15.741920;-1.719254;-7.194897;,
   15.778610;-1.698254;-6.031462;,
   15.778610;-1.698254;-7.194847;,
   15.741920;-1.719254;-6.031413;,
   15.728661;-1.748314;-6.031364;,
   15.728661;-1.748314;-7.194946;,
   15.729131;-2.172204;-6.032654;,
   15.729131;-2.172204;-7.193654;,
   18.366282;-1.695444;-6.028592;,
   18.366280;-1.695444;-7.197717;,
   15.778610;-1.716344;-6.001142;,
   15.755150;-1.718074;-6.010389;,
   15.741920;-1.719254;-6.031413;,
   15.728661;-1.748314;-6.031364;,
   15.740490;-1.748144;-5.995060;,
   15.778610;-1.748104;-5.982308;,
   15.793830;-2.171964;-5.980988;,
   18.366291;-1.758654;-5.979398;,
   18.366282;-1.720214;-5.998252;,
   15.748331;-2.172024;-5.995045;,
   15.729131;-2.172204;-6.032654;,
   18.366731;-2.169164;-5.978135;,
   18.583021;-2.000694;-6.027412;,
   18.366280;-1.695444;-7.197717;,
   18.366282;-1.695444;-6.028592;,
   18.583021;-2.000694;-7.198897;,
   20.839709;-1.662204;-6.909589;,
   20.911344;-2.008484;-6.769001;,
   20.839709;-2.008484;-6.909589;,
   20.911344;-1.662204;-6.769001;,
   20.936029;-2.008484;-6.613155;,
   20.911344;-1.662204;-6.769001;,
   20.936029;-1.662204;-6.613155;,
   20.728136;-1.662204;-7.021163;,
   20.728136;-2.008484;-7.021163;,
   20.587547;-1.662204;-7.092798;,
   20.587547;-2.008484;-7.092798;,
   20.431702;-1.662204;-7.117481;,
   20.431702;-2.008484;-7.117481;,
   20.275856;-1.662204;-7.092798;,
   20.275856;-2.008484;-7.092798;,
   20.135267;-1.662204;-7.021163;,
   20.135267;-2.008484;-7.021163;,
   20.023694;-1.662204;-6.909589;,
   20.023694;-2.008484;-6.909589;,
   19.952059;-1.662204;-6.769001;,
   19.952059;-2.008484;-6.769001;,
   19.927374;-1.662204;-6.613155;,
   19.927374;-2.008484;-6.613155;,
   19.952059;-1.662204;-6.457309;,
   19.952059;-2.008484;-6.457309;,
   20.023694;-1.662204;-6.316720;,
   20.023694;-2.008484;-6.316720;,
   20.135267;-1.662204;-6.205146;,
   20.135267;-2.008484;-6.205146;,
   20.275856;-1.662204;-6.133512;,
   20.275856;-2.008484;-6.133512;,
   20.431702;-1.662204;-6.108828;,
   20.431702;-2.008484;-6.108828;,
   20.587547;-1.662204;-6.133512;,
   20.587547;-2.008484;-6.133512;,
   20.728136;-1.662204;-6.205146;,
   20.728136;-2.008484;-6.205146;,
   20.839709;-1.662204;-6.316721;,
   20.839709;-2.008484;-6.316721;,
   20.911344;-1.662204;-6.457309;,
   20.911344;-2.008484;-6.457309;,
   20.936029;-1.662204;-6.613155;,
   20.936029;-2.008484;-6.613155;,
   18.366282;-1.720214;-5.998252;,
   18.583021;-2.000694;-6.027412;,
   18.366282;-1.695444;-6.028592;,
   18.583021;-2.025464;-5.997074;,
   18.366291;-1.758654;-5.979398;,
   18.583030;-2.063904;-5.978218;,
   18.366731;-2.169164;-5.978135;,
   18.583141;-2.168934;-5.977894;,
   15.755150;-1.718074;-7.215919;,
   15.778610;-1.698254;-7.194847;,
   15.778610;-1.716344;-7.225166;,
   15.741920;-1.719254;-7.194897;,
   15.728661;-1.748314;-7.194946;,
   15.740490;-1.748144;-7.231248;,
   15.778610;-1.748104;-7.244001;,
   15.793830;-2.171964;-7.245322;,
   18.366291;-1.758654;-7.246911;,
   18.366730;-2.169164;-7.248174;,
   15.748331;-2.172024;-7.231265;,
   15.729131;-2.172204;-7.193654;,
   18.366280;-1.695444;-7.197717;,
   18.366280;-1.720214;-7.228057;,
   18.583021;-2.000694;-7.198897;,
   18.366280;-1.720214;-7.228057;,
   18.366280;-1.695444;-7.197717;,
   18.583021;-2.025464;-7.229236;,
   18.366291;-1.758654;-7.246911;,
   18.583030;-2.063904;-7.248092;,
   18.366730;-2.169164;-7.248174;,
   18.583141;-2.168934;-7.248415;,
   18.583141;-2.168934;-5.977894;,
   21.115390;-2.047784;-5.975450;,
   18.583030;-2.063904;-5.978218;,
   21.115518;-2.166184;-5.975086;,
   21.099669;-2.016054;-5.994313;,
   18.583021;-2.025464;-5.997074;,
   21.065392;-1.997994;-6.024660;,
   18.583021;-2.000694;-6.027412;,
   21.065392;-1.997994;-7.201650;,
   18.583021;-2.000694;-7.198897;,
   21.099669;-2.016054;-7.231997;,
   21.115390;-2.047784;-5.975450;,
   21.115390;-2.047784;-7.250858;,
   21.099669;-2.016054;-5.994313;,
   21.065392;-1.997994;-6.024660;,
   21.065392;-1.997994;-7.201650;,
   21.115518;-2.166184;-5.975086;,
   21.115518;-2.166184;-7.251223;,
   18.583141;-2.168934;-7.248415;,
   21.115390;-2.047784;-7.250858;,
   21.115518;-2.166184;-7.251223;,
   18.583030;-2.063904;-7.248092;,
   21.099669;-2.016054;-7.231997;,
   18.583021;-2.025464;-7.229236;,
   21.065392;-1.997994;-7.201650;,
   18.583021;-2.000694;-7.198897;,
   15.526181;-2.250344;-5.931510;,
   15.748331;-2.172024;-5.995045;,
   15.729131;-2.172204;-6.032654;,
   15.550331;-2.249284;-5.893822;,
   15.793830;-2.171964;-5.980988;,
   15.600771;-2.248334;-5.879696;,
   18.366731;-2.169164;-5.978135;,
   18.583141;-2.168934;-5.977894;,
   21.115488;-2.233604;-5.885220;,
   21.115518;-2.166184;-5.975086;,
   15.550331;-2.249284;-5.893822;,
   15.567981;-2.300254;-5.862455;,
   15.600771;-2.248334;-5.879696;,
   15.517482;-2.301114;-5.876897;,
   15.526181;-2.250344;-5.931510;,
   15.493290;-2.302094;-5.914891;,
   15.494720;-3.629075;-5.907915;,
   15.513510;-3.628898;-5.870350;,
   15.558590;-3.628841;-5.856338;,
   21.116957;-3.622802;-5.850175;,
   21.115518;-2.295804;-5.854258;,
   21.115488;-2.233604;-5.885220;,
   15.748331;-2.172024;-7.231265;,
   15.526181;-2.250344;-7.294798;,
   15.729131;-2.172204;-7.193654;,
   15.550331;-2.249284;-7.332487;,
   15.793830;-2.171964;-7.245322;,
   15.600771;-2.248334;-7.346614;,
   18.366730;-2.169164;-7.248174;,
   18.583141;-2.168934;-7.248415;,
   21.115488;-2.233604;-7.341089;,
   21.115518;-2.166184;-7.251223;,
   15.550331;-2.249284;-7.332487;,
   15.567981;-2.300254;-7.363854;,
   15.517482;-2.301114;-7.349411;,
   15.600771;-2.248334;-7.346614;,
   21.115518;-2.295804;-7.372050;,
   21.116957;-3.622802;-7.376135;,
   15.558590;-3.628841;-7.369970;,
   15.513510;-3.628898;-7.355958;,
   15.494720;-3.629075;-7.318394;,
   15.493290;-2.302094;-7.311418;,
   15.526181;-2.250344;-7.294798;,
   21.115488;-2.233604;-7.341089;,
   21.115488;-2.233604;-5.885220;,
   21.115518;-2.166184;-7.251223;,
   21.115518;-2.166184;-5.975086;,
   21.115488;-2.233604;-7.341089;,
   21.115518;-2.295804;-5.854258;,
   21.117539;-3.624406;-6.875514;,
   21.115518;-2.295804;-7.372050;,
   21.117539;-3.624406;-6.350795;,
   21.116957;-3.622802;-5.850175;,
   21.116957;-3.622802;-7.376135;,
   15.526181;-2.250344;-7.294798;,
   15.729131;-2.172204;-6.032654;,
   15.729131;-2.172204;-7.193654;,
   15.526181;-2.250344;-5.931510;,
   15.526181;-2.250344;-5.931510;,
   15.493290;-2.302094;-7.311418;,
   15.493290;-2.302094;-5.914891;,
   15.526181;-2.250344;-7.294798;,
   15.495242;-3.630514;-6.357030;,
   15.495242;-3.630514;-6.869278;,
   15.494720;-3.629075;-7.318394;,
   15.494720;-3.629075;-5.907915;,
   21.115488;-2.233604;-7.341089;,
   21.115518;-2.295804;-5.854258;,
   21.115518;-2.295804;-7.372050;,
   21.115488;-2.233604;-5.885220;,
   15.378971;-2.646004;-6.987878;,
   15.507870;-2.428424;-6.969040;,
   15.507870;-2.562374;-7.102990;,
   15.378971;-2.543534;-6.885406;,
   15.507870;-2.342424;-6.800254;,
   15.378971;-2.477744;-6.756286;,
   15.507870;-2.312794;-6.613154;,
   15.378971;-2.455074;-6.613154;,
   15.507870;-2.342424;-6.426054;,
   15.378971;-2.477744;-6.470023;,
   15.507870;-2.428424;-6.257268;,
   15.378971;-2.543534;-6.340902;,
   15.507870;-2.562374;-6.123320;,
   15.378971;-2.646004;-6.238432;,
   15.507870;-2.731154;-6.037320;,
   15.378971;-2.775124;-6.172640;,
   15.507870;-2.918258;-6.007686;,
   15.378971;-2.918258;-6.149972;,
   15.507870;-3.105358;-6.037320;,
   15.378971;-3.061390;-6.172640;,
   15.507870;-3.274144;-6.123320;,
   15.378971;-3.190510;-6.238432;,
   15.507870;-3.408093;-6.257268;,
   15.378971;-3.292982;-6.340902;,
   15.507870;-3.494093;-6.426054;,
   15.378971;-3.358772;-6.470023;,
   15.507870;-3.523727;-6.613154;,
   15.378971;-3.381442;-6.613154;,
   15.507870;-3.494093;-6.800254;,
   15.378971;-3.358772;-6.756286;,
   15.507870;-3.408093;-6.969040;,
   15.378971;-3.292982;-6.885406;,
   15.507870;-3.274144;-7.102990;,
   15.378971;-3.190510;-6.987878;,
   15.507870;-3.105358;-7.188990;,
   15.378971;-3.061390;-7.053669;,
   15.507870;-2.918258;-7.218624;,
   15.378971;-2.918258;-7.076338;,
   15.507870;-2.731154;-7.188990;,
   15.378971;-2.775124;-7.053669;,
   23.519541;-2.693954;-6.613155;,
   23.286960;-2.478554;-6.763640;,
   23.286960;-2.454714;-6.613155;,
   23.519541;-2.706084;-6.689711;,
   23.286960;-2.547724;-6.899395;,
   23.519541;-2.741274;-6.758772;,
   23.286960;-2.655454;-7.007129;,
   23.519541;-2.796074;-6.813580;,
   23.286960;-2.791214;-7.076298;,
   23.519541;-2.865140;-6.848769;,
   23.286960;-2.941696;-7.100134;,
   23.519541;-2.941696;-6.860893;,
   23.286960;-3.092180;-7.076298;,
   23.519541;-3.018251;-6.848769;,
   23.286960;-3.227935;-7.007129;,
   23.519541;-3.087312;-6.813580;,
   23.286960;-3.335670;-6.899395;,
   23.519541;-3.142120;-6.758772;,
   23.286960;-3.404841;-6.763640;,
   23.519541;-3.177309;-6.689711;,
   23.286960;-3.428675;-6.613155;,
   23.519541;-3.189434;-6.613155;,
   23.519541;-2.706084;-6.536599;,
   23.286960;-2.478554;-6.462670;,
   23.519541;-2.741274;-6.467538;,
   23.286960;-2.547724;-6.326915;,
   23.519541;-2.796074;-6.412730;,
   23.286960;-2.655454;-6.219181;,
   23.519541;-2.865140;-6.377540;,
   23.286960;-2.791214;-6.150011;,
   23.519541;-2.941696;-6.365417;,
   23.286960;-2.941696;-6.126176;,
   23.519541;-3.018251;-6.377540;,
   23.286960;-3.092180;-6.150011;,
   23.519541;-3.087312;-6.412730;,
   23.286960;-3.227935;-6.219181;,
   23.519541;-3.142120;-6.467538;,
   23.286960;-3.335670;-6.326915;,
   23.519541;-3.177309;-6.536599;,
   23.286960;-3.404841;-6.462670;,
   23.519541;-3.189434;-6.613155;,
   23.286960;-3.428675;-6.613155;,
   23.286960;-2.478554;-6.462670;,
   21.076019;-2.547724;-6.326915;,
   23.286960;-2.547724;-6.326915;,
   21.076019;-2.478554;-6.462670;,
   23.286960;-2.454714;-6.613155;,
   21.076019;-2.454714;-6.613155;,
   23.286960;-2.478554;-6.763640;,
   21.076019;-2.478554;-6.763640;,
   23.286960;-2.547724;-6.899395;,
   21.076019;-2.547724;-6.899394;,
   23.286960;-2.655454;-7.007129;,
   21.076019;-2.655454;-7.007129;,
   23.286960;-2.791214;-7.076298;,
   21.076019;-2.791214;-7.076298;,
   21.076019;-2.941696;-7.100134;,
   23.286960;-2.941696;-7.100134;,
   21.076019;-3.092180;-7.076298;,
   23.286960;-3.092180;-7.076298;,
   23.286960;-3.227935;-7.007129;,
   21.076019;-3.227935;-7.007129;,
   23.286960;-3.335670;-6.899395;,
   21.076019;-3.335670;-6.899394;,
   23.286960;-3.404841;-6.763640;,
   21.076019;-3.404841;-6.763640;,
   23.286960;-3.428675;-6.613155;,
   21.076019;-3.428675;-6.613155;,
   21.076019;-2.655454;-6.219180;,
   23.286960;-2.655454;-6.219181;,
   21.076019;-2.791214;-6.150010;,
   23.286960;-2.791214;-6.150011;,
   21.076019;-2.941696;-6.126176;,
   23.286960;-2.941696;-6.126176;,
   21.076019;-3.092180;-6.150010;,
   23.286960;-3.092180;-6.150011;,
   21.076019;-3.227935;-6.219180;,
   23.286960;-3.227935;-6.219181;,
   21.076019;-3.335670;-6.326915;,
   23.286960;-3.335670;-6.326915;,
   21.076019;-3.404841;-6.462670;,
   23.286960;-3.404841;-6.462670;,
   21.076019;-3.428675;-6.613155;,
   23.286960;-3.428675;-6.613155;,
   15.378971;-3.381442;-6.613154;,
   15.378971;-2.543534;-6.340902;,
   15.378971;-2.477744;-6.470023;,
   15.378971;-2.455074;-6.613154;,
   15.378971;-2.477744;-6.756286;,
   15.378971;-2.543534;-6.885406;,
   15.378971;-2.646004;-6.987878;,
   15.378971;-2.775124;-7.053669;,
   15.378971;-2.918258;-7.076338;,
   15.378971;-3.061390;-7.053669;,
   15.378971;-3.190510;-6.987878;,
   15.378971;-3.292982;-6.885406;,
   15.378971;-3.358772;-6.756286;,
   15.378971;-2.646004;-6.238432;,
   15.378971;-2.775124;-6.172640;,
   15.378971;-2.918258;-6.149972;,
   15.378971;-3.061390;-6.172640;,
   15.378971;-3.190510;-6.238432;,
   15.378971;-3.292982;-6.340902;,
