xof 0303txt 0032
template ColorRGBA {
 <35ff44e0-6c7c-11cf-8f52-0040333594a3>
 FLOAT red;
 FLOAT green;
 FLOAT blue;
 FLOAT alpha;
}

template ColorRGB {
 <d3e16e81-7835-11cf-8f52-0040333594a3>
 FLOAT red;
 FLOAT green;
 FLOAT blue;
}

template Material {
 <3d82ab4d-62da-11cf-ab39-0020af71e433>
 ColorRGBA faceColor;
 FLOAT power;
 ColorRGB specularColor;
 ColorRGB emissiveColor;
 [...]
}

template TextureFilename {
 <a42790e1-7810-11cf-8f52-0040333594a3>
 STRING filename;
}

template Frame {
 <3d82ab46-62da-11cf-ab39-0020af71e433>
 [...]
}

template Matrix4x4 {
 <f6f23f45-7686-11cf-8f52-0040333594a3>
 array FLOAT matrix[16];
}

template FrameTransformMatrix {
 <f6f23f41-7686-11cf-8f52-0040333594a3>
 Matrix4x4 frameMatrix;
}

template Vector {
 <3d82ab5e-62da-11cf-ab39-0020af71e433>
 FLOAT x;
 FLOAT y;
 FLOAT z;
}

template MeshFace {
 <3d82ab5f-62da-11cf-ab39-0020af71e433>
 DWORD nFaceVertexIndices;
 array DWORD faceVertexIndices[nFaceVertexIndices];
}

template Mesh {
 <3d82ab44-62da-11cf-ab39-0020af71e433>
 DWORD nVertices;
 array Vector vertices[nVertices];
 DWORD nFaces;
 array MeshFace faces[nFaces];
 [...]
}

template MeshMaterialList {
 <f6f23f42-7686-11cf-8f52-0040333594a3>
 DWORD nMaterials;
 DWORD nFaceIndexes;
 array DWORD faceIndexes[nFaceIndexes];
 [Material <3d82ab4d-62da-11cf-ab39-0020af71e433>]
}

template VertexElement {
 <f752461c-1e23-48f6-b9f8-8350850f336f>
 DWORD Type;
 DWORD Method;
 DWORD Usage;
 DWORD UsageIndex;
}

template DeclData {
 <bf22e553-292c-4781-9fea-62bd554bdd93>
 DWORD nElements;
 array VertexElement Elements[nElements];
 DWORD nDWords;
 array DWORD data[nDWords];
}

template XSkinMeshHeader {
 <3cf169ce-ff7c-44ab-93c0-f78f62d172e2>
 WORD nMaxSkinWeightsPerVertex;
 WORD nMaxSkinWeightsPerFace;
 WORD nBones;
}

template SkinWeights {
 <6f0d123b-bad2-4167-a0d0-80224f25fabb>
 STRING transformNodeName;
 DWORD nWeights;
 array DWORD vertexIndices[nWeights];
 array FLOAT weights[nWeights];
 Matrix4x4 matrixOffset;
}

template AnimTicksPerSecond {
 <9e415a43-7ba6-4a73-8743-b73d47e88476>
 DWORD AnimTicksPerSecond;
}

template Animation {
 <3d82ab4f-62da-11cf-ab39-0020af71e433>
 [...]
}

template AnimationSet {
 <3d82ab50-62da-11cf-ab39-0020af71e433>
 [Animation <3d82ab4f-62da-11cf-ab39-0020af71e433>]
}

template FloatKeys {
 <10dd46a9-775b-11cf-8f52-0040333594a3>
 DWORD nValues;
 array FLOAT values[nValues];
}

template TimedFloatKeys {
 <f406b180-7b3b-11cf-8f52-0040333594a3>
 DWORD time;
 FloatKeys tfkeys;
}

template AnimationKey {
 <10dd46a8-775b-11cf-8f52-0040333594a3>
 DWORD keyType;
 DWORD nKeys;
 array TimedFloatKeys keys[nKeys];
}


Material Material__182 {
 1.000000;1.000000;1.000000;1.000000;;
 10.000000;
 0.000000;0.000000;0.000000;;
 0.000000;0.000000;0.000000;;

 TextureFilename {
  "ZED_Clot_D.tga";
 }
}

Frame SceneRoot {
 

 FrameTransformMatrix {
  1.000000,0.000000,0.000000,0.000000,0.000000,1.000000,0.000000,0.000000,0.000000,0.000000,1.000000,0.000000,0.000000,0.000000,0.000000,1.000000;;
 }

 Frame Root {
  

  FrameTransformMatrix {
   1.000000,0.000000,0.000000,0.000000,0.000000,1.000000,0.000000,0.000000,0.000000,0.000000,1.000000,0.000000,0.000000,0.000000,0.000000,1.000000;;
  }

  Frame Hips {
   

   FrameTransformMatrix {
    0.742842,-0.031896,-0.668707,0.000000,-0.382226,0.799852,-0.462753,0.000000,0.549626,0.599350,0.581972,0.000000,0.000011,93.536218,1.300345,1.000000;;
   }

   Frame RightUpLeg {
    

    FrameTransformMatrix {
     0.329591,-0.007533,0.944094,0.000000,0.919340,-0.225055,-0.322745,0.000000,0.214904,0.974317,-0.067251,0.000000,-11.122361,0.000015,0.000008,1.000000;;
    }

    Frame RightLeg {
     

     FrameTransformMatrix {
      0.266105,0.000000,0.963944,0.000000,-0.000000,1.000000,0.000000,0.000000,-0.963944,-0.000000,0.266105,0.000000,-43.917808,-0.000004,0.000000,1.000000;;
     }

     Frame RightFoot {
      

      FrameTransformMatrix {
       0.824775,-0.432542,-0.364216,0.000000,0.331534,0.891684,-0.308197,0.000000,0.458074,0.133444,0.878841,0.000000,-41.945453,0.000000,0.000008,1.000000;;
      }

      Frame RightToeBase {
       

       FrameTransformMatrix {
        0.021783,-0.000335,-0.999763,0.000000,-0.056417,0.998406,-0.001563,0.000000,0.998170,0.056437,0.021729,0.000000,-7.510015,-0.000008,13.375913,1.000000;;
       }
      }
     }
    }
   }

   Frame LeftUpLeg {
    

    FrameTransformMatrix {
     0.614481,0.035696,-0.788123,0.000000,0.783794,-0.141444,0.604699,0.000000,-0.089890,-0.989303,-0.114893,0.000000,11.122339,0.000015,0.000004,1.000000;;
    }

    Frame LeftLeg {
     

     FrameTransformMatrix {
      0.193709,0.000000,0.981059,0.000000,-0.000000,1.000000,-0.000000,0.000000,-0.981059,0.000000,0.193709,0.000000,43.917818,0.000002,-0.000008,1.000000;;
     }

     Frame LeftFoot {
      

      FrameTransformMatrix {
       0.930749,-0.224204,-0.288858,0.000000,0.251624,0.965897,0.061070,0.000000,0.265315,-0.129524,0.955422,0.000000,41.945472,0.000000,0.000006,1.000000;;
      }

      Frame LeftToeBase {
       

       FrameTransformMatrix {
        -0.005725,0.000000,-0.999984,0.000000,0.000000,1.000000,-0.000000,0.000000,0.999984,0.000000,-0.005725,0.000000,7.510015,0.000004,-13.375930,1.000000;;
       }
      }
     }
    }
   }

   Frame Spine {
    

    FrameTransformMatrix {
     0.014435,0.999660,0.021731,0.000000,0.999459,-0.013784,-0.029849,0.000000,-0.029539,0.022150,-0.999319,0.000000,0.000012,13.029472,3.373905,1.000000;;
    }

    Frame Spine1 {
     

     FrameTransformMatrix {
      0.971263,0.018455,0.237293,0.000000,-0.026743,0.999138,0.031758,0.000000,-0.236503,-0.037191,0.970919,0.000000,11.853698,-0.000000,0.000008,1.000000;;
     }

     Frame Spine2 {
      

      FrameTransformMatrix {
       0.965951,0.006842,0.258634,0.000000,-0.010344,0.999872,0.012183,0.000000,-0.258517,-0.014443,0.965899,0.000000,20.236526,0.000001,0.000008,1.000000;;
      }

      Frame neck {
       

       FrameTransformMatrix {
        0.997024,0.039725,-0.066068,0.000000,-0.042714,0.998098,-0.044448,0.000000,0.064176,0.047138,0.996825,0.000000,13.001335,0.000001,0.000008,1.000000;;
       }

       Frame head {
        

        FrameTransformMatrix {
         0.774595,0.084283,-0.626817,0.000000,-0.125344,0.991880,-0.021525,0.000000,0.619913,0.095241,0.778870,0.000000,12.286209,-0.000002,0.000000,1.000000;;
        }

        Frame Face_EyeBrow_L {
         

         FrameTransformMatrix {
          -0.215730,-0.178325,0.960032,0.000000,-0.193634,-0.955845,-0.221059,0.000000,0.957062,-0.233584,0.171674,0.000000,8.284622,1.832682,14.004661,1.000000;;
         }
        }

        Frame Face_EyeBrow_R {
         

         FrameTransformMatrix {
          -0.239182,0.122835,0.963174,0.000000,0.198561,-0.964816,0.172352,0.000000,0.950456,0.232472,0.206376,0.000000,8.284653,-1.881147,13.998238,1.000000;;
         }
        }

        Frame Eye_L {
         

         FrameTransformMatrix {
          0.000000,0.000262,1.000000,0.000000,-0.000262,-1.000000,0.000261,0.000000,1.000000,-0.000262,0.000000,0.000000,6.881226,3.362820,11.271626,1.000000;;
         }
        }

        Frame Eye_R {
         

         FrameTransformMatrix {
          0.000000,0.000262,1.000000,0.000000,-0.000262,-1.000000,0.000261,0.000000,1.000000,-0.000262,0.000000,0.000000,6.881271,-3.612167,11.259529,1.000000;;
         }
        }

        Frame Face_EyeBrow {
         

         FrameTransformMatrix {
          -0.000023,0.000272,1.000000,0.000000,-0.000252,-1.000000,0.000272,0.000000,1.000000,-0.000252,0.000023,0.000000,8.284622,-0.024136,14.001453,1.000000;;
         }
        }

        Frame Face_eyelid_LTop {
         

         FrameTransformMatrix {
          -0.000013,0.000137,1.000000,0.000000,-0.288371,-0.957519,0.000128,0.000000,0.957519,-0.288371,0.000051,0.000000,7.341171,3.612578,12.937614,1.000000;;
         }
        }

        Frame Face_eyelid_RTop {
         

         FrameTransformMatrix {
          0.000052,-0.000349,1.000000,0.000000,0.288583,-0.957455,-0.000349,0.000000,0.957455,0.288583,0.000051,0.000000,7.341263,-3.657301,12.925034,1.000000;;
         }
        }

        Frame Face_eyelid_Lbottom {
         

         FrameTransformMatrix {
          -0.000019,0.000012,1.000000,0.000000,0.158965,-0.987284,0.000015,0.000000,0.987284,0.158965,0.000017,0.000000,6.203110,3.612671,12.878594,1.000000;;
         }
        }

        Frame Face_eyelid_Rbottom {
         

         FrameTransformMatrix {
          -0.000019,0.000015,1.000000,0.000000,-0.158962,-0.987285,0.000012,0.000000,0.987285,-0.158962,0.000021,0.000000,6.203186,-3.657209,12.866009,1.000000;;
         }
        }

        Frame Face_Lip_Upper {
         

         FrameTransformMatrix {
          -0.497101,0.029261,0.867199,0.000000,-0.115900,-0.992715,-0.032941,0.000000,0.859917,-0.116884,0.496871,0.000000,1.087692,-0.024084,13.907291,1.000000;;
         }
        }

        Frame Jaw {
         

         FrameTransformMatrix {
          -0.036916,0.000017,0.999318,0.000000,-0.026002,-0.999661,-0.000944,0.000000,0.998980,-0.026019,0.036904,0.000000,4.915329,-0.009995,5.805576,1.000000;;
         }

         Frame Face_Lip_Lower {
          

          FrameTransformMatrix {
           0.852154,-0.034895,0.522127,0.000000,0.003385,0.998121,0.061182,0.000000,-0.523281,-0.050369,0.850670,0.000000,7.063286,0.011923,-6.990204,1.000000;;
          }
         }
        }

        Frame Gore_FrontL {
         

         FrameTransformMatrix {
          -0.000088,1.000000,0.000258,0.000000,0.000360,-0.000258,1.000000,0.000000,1.000000,0.000088,-0.000360,0.000000,14.790757,5.229382,9.282390,1.000000;;
         }
        }

        Frame Gore_FrontR {
         

         FrameTransformMatrix {
          -0.000088,1.000000,0.000258,0.000000,0.000360,-0.000258,1.000000,0.000000,1.000000,0.000088,-0.000360,0.000000,14.688262,-5.232778,9.279198,1.000000;;
         }
        }

        Frame gore_jaw {
         

         FrameTransformMatrix {
          -0.000088,1.000000,0.000258,0.000000,0.000360,-0.000258,1.000000,0.000000,1.000000,0.000088,-0.000360,0.000000,-5.115188,-0.001925,9.741295,1.000000;;
         }
        }

        Frame Gore_BackR {
         

         FrameTransformMatrix {
          -0.000088,1.000000,0.000259,0.000000,0.000360,-0.000259,1.000000,0.000000,1.000000,0.000088,-0.000360,0.000000,9.623184,-5.199026,-6.369964,1.000000;;
         }
        }

        Frame Gore_BackL {
         

         FrameTransformMatrix {
          -0.000088,1.000000,0.000259,0.000000,0.000360,-0.000259,1.000000,0.000000,1.000000,0.000088,-0.000360,0.000000,9.623184,4.573004,-6.367088,1.000000;;
         }
        }
       }
      }

      Frame RightShoulder {
       

       FrameTransformMatrix {
        -0.013083,0.979719,0.199947,0.000000,-0.990084,-0.040663,0.134461,0.000000,0.139865,-0.196206,0.970537,0.000000,8.888023,-2.818415,3.105232,1.000000;;
       }

       Frame RightArm {
        

        FrameTransformMatrix {
         -0.260900,-0.748996,-0.609046,0.000000,0.873859,0.084873,-0.478715,0.000000,0.410246,-0.657117,0.632373,0.000000,-18.427101,0.000008,-0.000015,1.000000;;
        }

        Frame RightForearm {
         

         FrameTransformMatrix {
          0.360125,-0.000000,-0.932904,0.000000,-0.000000,1.000000,-0.000000,0.000000,0.932904,-0.000000,0.360125,0.000000,-28.804826,0.000000,-0.000004,1.000000;;
         }

         Frame RightHand {
          

          FrameTransformMatrix {
           0.938220,0.156456,-0.308649,0.000000,-0.222033,0.956315,-0.190166,0.000000,0.265413,0.246948,0.931973,0.000000,-30.234490,0.000004,-0.000008,1.000000;;
          }

          Frame RightHandThumb1 {
           

           FrameTransformMatrix {
            0.510676,-0.501789,-0.698153,0.000000,-0.812068,-0.548233,-0.199965,0.000000,-0.282410,0.669065,-0.687456,0.000000,-2.865887,1.346520,1.182304,1.000000;;
           }

           Frame RightHandThumb2 {
            

            FrameTransformMatrix {
             0.977103,0.000000,-0.212767,0.000000,-0.000000,1.000000,0.000000,0.000000,0.212767,-0.000000,0.977103,0.000000,-5.944363,-0.000008,0.000000,1.000000;;
            }

            Frame RightHandThumb3 {
             

             FrameTransformMatrix {
              0.596271,0.000000,-0.802783,0.000000,0.000000,1.000000,0.000000,0.000000,0.802783,-0.000000,0.596271,0.000000,-3.296799,0.000008,0.000000,1.000000;;
             }
            }
           }
          }

          Frame RightHandIndex1 {
           

           FrameTransformMatrix {
            0.648585,-0.581697,-0.490883,0.000000,-0.448093,0.229514,-0.864023,0.000000,0.615265,0.780354,-0.111795,0.000000,-10.071466,-0.263451,3.391884,1.000000;;
           }

           Frame RightHandIndex2 {
            

            FrameTransformMatrix {
             0.833545,-0.000000,-0.552451,0.000000,0.000000,1.000000,0.000000,0.000000,0.552451,0.000000,0.833545,0.000000,-5.432987,0.000000,0.000008,1.000000;;
            }

            Frame RightHandIndex3 {
             

             FrameTransformMatrix {
              0.572229,0.000000,-0.820094,0.000000,0.000000,1.000000,-0.000000,0.000000,0.820094,-0.000000,0.572229,0.000000,-3.435882,0.000000,0.000000,1.000000;;
             }
            }
           }
          }

          Frame RightHandMiddle1 {
           

           FrameTransformMatrix {
            0.807376,-0.421222,-0.413179,0.000000,-0.366253,0.191247,-0.910650,0.000000,0.462604,0.886565,0.000134,0.000000,-10.814333,-0.176128,0.940971,1.000000;;
           }

           Frame RightHandMiddle2 {
            

            FrameTransformMatrix {
             0.778320,0.000000,-0.627868,0.000000,-0.000000,1.000000,0.000000,0.000000,0.627868,0.000000,0.778320,0.000000,-5.814545,0.000000,0.000004,1.000000;;
            }

            Frame RightHandMiddle3 {
             

             FrameTransformMatrix {
              0.928419,-0.000000,-0.371536,0.000000,-0.000000,1.000000,0.000000,0.000000,0.371536,-0.000000,0.928419,0.000000,-3.905604,0.000000,-0.000015,1.000000;;
             }
            }
           }
          }

          Frame RightHandRing1 {
           

           FrameTransformMatrix {
            0.848097,-0.529698,0.012292,0.000000,0.167250,0.245626,-0.954827,0.000000,0.502751,0.811843,0.296907,0.000000,-10.139122,0.084885,-1.337700,1.000000;;
           }

           Frame RightHandRing2 {
            

            FrameTransformMatrix {
             0.565769,-0.000000,-0.824564,0.000000,0.000000,1.000000,0.000000,0.000000,0.824564,-0.000000,0.565769,0.000000,-5.951038,-0.000015,0.000021,1.000000;;
            }

            Frame RightHandRing3 {
             

             FrameTransformMatrix {
              0.433240,0.000000,-0.901279,0.000000,0.000000,1.000000,0.000000,0.000000,0.901279,-0.000000,0.433240,0.000000,-3.319151,-0.000015,0.000011,1.000000;;
             }
            }
           }
          }

          Frame RightHandPinky1 {
           

           FrameTransformMatrix {
            0.415325,-0.902930,0.110557,0.000000,0.540127,0.146982,-0.828649,0.000000,0.731962,0.403873,0.548742,0.000000,-8.929850,1.513901,-3.372055,1.000000;;
           }

           Frame RightHandPinky2 {
            

            FrameTransformMatrix {
             0.708804,0.000000,-0.705405,0.000000,0.000000,1.000000,0.000000,0.000000,0.705405,-0.000000,0.708804,0.000000,-4.131794,0.000000,-0.000004,1.000000;;
            }

            Frame RightHandPinky3 {
             

             FrameTransformMatrix {
              0.685678,0.000000,-0.727905,0.000000,-0.000000,1.000000,0.000001,0.000000,0.727905,-0.000000,0.685678,0.000000,-2.425535,0.000000,0.000008,1.000000;;
             }
            }
           }
          }
         }

         Frame RightForeArmTwist1 {
          

          FrameTransformMatrix {
           1.000000,0.000000,-0.000000,0.000000,0.000000,0.993611,-0.112860,0.000000,-0.000000,0.112860,0.993611,0.000000,-18.000000,0.000008,0.000008,1.000000;;
          }
         }
        }

        Frame RightArmTwist1 {
         

         FrameTransformMatrix {
          1.000000,0.000000,0.000000,0.000000,0.000000,0.993104,0.117233,0.000000,-0.000000,-0.117233,0.993105,0.000000,-5.000000,0.000000,0.000002,1.000000;;
         }
        }
       }
      }

      Frame LeftShoulder {
       

       FrameTransformMatrix {
        0.049764,0.982869,-0.177462,0.000000,0.986343,-0.076295,-0.145965,0.000000,-0.157004,-0.167775,-0.973243,0.000000,8.887238,2.823757,3.105225,1.000000;;
       }

       Frame LeftArm {
        

        FrameTransformMatrix {
         -0.208146,-0.822433,-0.529413,0.000000,0.926795,0.007157,-0.375500,0.000000,0.312612,-0.568817,0.760737,0.000000,18.427101,0.000023,0.000008,1.000000;;
        }

        Frame LeftForearm {
         

         FrameTransformMatrix {
          0.232225,0.000000,-0.972662,0.000000,0.000000,1.000000,-0.000000,0.000000,0.972662,-0.000000,0.232224,0.000000,28.804810,0.000008,-0.000004,1.000000;;
         }

         Frame LeftHand {
          

          FrameTransformMatrix {
           0.995149,0.075031,0.063625,0.000000,-0.098206,0.795582,0.597834,0.000000,-0.005763,-0.601182,0.799091,0.000000,30.234490,0.000004,-0.000023,1.000000;;
          }

          Frame LeftHandThumb1 {
           

           FrameTransformMatrix {
            0.625384,-0.194757,-0.755622,0.000000,-0.602304,-0.736139,-0.308757,0.000000,-0.496110,0.648206,-0.577672,0.000000,2.865883,-1.346531,-1.182274,1.000000;;
           }

           Frame LeftHandThumb2 {
            

            FrameTransformMatrix {
             0.826319,-0.000000,-0.563202,0.000000,0.000000,1.000000,0.000000,0.000000,0.563202,-0.000000,0.826319,0.000000,5.944370,0.000000,-0.000002,1.000000;;
            }

            Frame LeftHandThumb3 {
             

             FrameTransformMatrix {
              0.596271,0.000000,-0.802784,0.000000,0.000000,1.000000,-0.000000,0.000000,0.802784,-0.000000,0.596271,0.000000,3.296780,0.000015,0.000004,1.000000;;
             }
            }
           }
          }

          Frame LeftHandIndex1 {
           

           FrameTransformMatrix {
            0.834064,-0.500974,-0.231003,0.000000,-0.213731,0.092587,-0.972495,0.000000,0.508583,0.860496,-0.029850,0.000000,10.071453,0.263428,-3.391868,1.000000;;
           }

           Frame LeftHandIndex2 {
            

            FrameTransformMatrix {
             0.877543,0.000000,-0.479498,0.000000,0.000000,1.000000,-0.000000,0.000000,0.479498,-0.000000,0.877543,0.000000,5.432980,-0.000015,-0.000004,1.000000;;
            }

            Frame LeftHandIndex3 {
             

             FrameTransformMatrix {
              0.942021,0.000000,-0.335553,0.000000,0.000000,1.000000,-0.000000,0.000000,0.335553,0.000000,0.942021,0.000000,3.435890,0.000015,0.000000,1.000000;;
             }
            }
           }
          }

          Frame LeftHandMiddle1 {
           

           FrameTransformMatrix {
            0.602500,-0.778916,-0.174026,0.000000,-0.065396,0.169132,-0.983422,0.000000,0.795436,0.603891,0.050964,0.000000,10.814331,0.176113,-0.940971,1.000000;;
           }

           Frame LeftHandMiddle2 {
            

            FrameTransformMatrix {
             0.741113,0.000000,-0.671381,0.000000,0.000000,1.000000,0.000000,0.000000,0.671381,-0.000000,0.741113,0.000000,5.814560,0.000000,-0.000011,1.000000;;
            }

            Frame LeftHandMiddle3 {
             

             FrameTransformMatrix {
              0.889011,0.000000,-0.457885,0.000000,-0.000000,1.000000,-0.000000,0.000000,0.457886,-0.000000,0.889011,0.000000,3.905617,0.000000,0.000000,1.000000;;
             }
            }
           }
          }

          Frame LeftHandRing1 {
           

           FrameTransformMatrix {
            0.679622,-0.733266,-0.020848,0.000000,0.083025,0.105127,-0.990987,0.000000,0.728849,0.671766,0.132327,0.000000,10.139118,-0.084900,1.337700,1.000000;;
           }

           Frame LeftHandRing2 {
            

            FrameTransformMatrix {
             0.730509,-0.000000,-0.682903,0.000000,-0.000000,1.000000,0.000000,0.000000,0.682903,-0.000000,0.730510,0.000000,5.951031,0.000000,0.000000,1.000000;;
            }

            Frame LeftHandRing3 {
             

             FrameTransformMatrix {
              0.433305,0.000001,-0.901247,0.000000,0.000000,1.000000,0.000001,0.000000,0.901247,-0.000000,0.433305,0.000000,3.319153,0.000000,0.000011,1.000000;;
             }
            }
           }
          }

          Frame LeftHandPinky1 {
           

           FrameTransformMatrix {
            0.787726,-0.581029,0.204678,0.000000,0.260033,0.012415,-0.965520,0.000000,0.558454,0.813788,0.160867,0.000000,8.929833,-1.513901,3.372078,1.000000;;
           }

           Frame LeftHandPinky2 {
            

            FrameTransformMatrix {
             0.709037,0.000000,-0.705171,0.000000,0.000000,1.000000,0.000001,0.000000,0.705171,-0.000000,0.709037,0.000000,4.131807,-0.000008,0.000000,1.000000;;
            }

            Frame LeftHandPinky3 {
             

             FrameTransformMatrix {
              0.685484,-0.000000,-0.728088,0.000000,0.000000,1.000000,0.000000,0.000000,0.728087,0.000000,0.685484,0.000000,2.425529,0.000008,-0.000004,1.000000;;
             }
            }
           }
          }
         }

         Frame LeftForeArmTwist1 {
          

          FrameTransformMatrix {
           1.000000,-0.000000,0.000000,0.000000,-0.000000,0.954800,0.297251,0.000000,0.000000,-0.297251,0.954799,0.000000,17.999994,0.000002,-0.000008,1.000000;;
          }
         }
        }

        Frame LeftArmTwist1 {
         

         FrameTransformMatrix {
          1.000000,0.000000,0.000000,0.000000,0.000000,0.998629,0.052352,0.000000,-0.000000,-0.052352,0.998628,0.000000,5.000000,-0.000002,-0.000008,1.000000;;
         }
        }
       }
      }
     }
    }

    Frame Gore_Abdomen {
     

     FrameTransformMatrix {
      -0.000000,1.000000,-0.000000,0.000000,-0.002688,0.000000,0.999996,0.000000,0.999997,0.000000,0.002688,0.000000,-0.548325,0.000107,11.592006,1.000000;;
     }
    }
   }
  }
 }

 Frame Clot_Gore_OptMesh_Rig_Master {
  

  FrameTransformMatrix {
   1.000000,0.000000,0.000000,0.000000,0.000000,1.000000,0.000000,0.000000,0.000000,0.000000,1.000000,0.000000,0.000000,0.000000,0.000000,1.000000;;
  }

  Mesh Clot_Gore_OptMesh_Rig_Master {
   8998;
   0.724667;165.481024;5.480322;,
   -0.073499;165.443955;5.398034;,
   -0.073625;164.559066;5.383253;,
   -15.685790;98.849600;-2.757947;,
   -16.535765;101.480461;1.441591;,
   -15.664794;100.710931;-2.975752;,
   -16.661741;100.085933;1.753954;,
   -16.576293;102.138662;5.172593;,
   -16.535765;101.480461;1.441591;,
   -16.688963;100.607411;5.658067;,
   -17.523435;97.647456;1.906603;,
   -17.325315;97.909171;5.706530;,
   -16.531003;96.762688;-1.908979;,
   -17.523435;97.647456;1.906603;,
   -14.764525;97.757805;-4.719892;,
   -14.695555;99.725581;-4.788831;,
   -13.023925;94.747066;-7.216809;,
   -11.711669;96.463859;-7.608228;,
   -10.727050;93.435539;-8.019909;,
   -11.711669;96.463859;-7.608228;,
   -8.555907;92.938470;-7.442150;,
   -8.408080;89.420890;-7.357982;,
   -5.962768;89.303706;-6.202282;,
   -15.335448;95.923821;-4.858685;,
   -10.053405;89.736320;-8.326549;,
   -4.408722;82.943354;-3.847514;,
   -7.970764;85.291987;-6.983226;,
   -4.481811;87.589837;-5.116588;,
   -3.282196;86.095693;-3.639232;,
   -2.063202;81.610342;0.835820;,
   -1.876343;84.487296;-0.660518;,
   -1.179627;84.522451;3.006886;,
   -9.427615;116.211699;13.664165;,
   -11.094562;114.203597;12.104746;,
   -9.174360;111.137830;12.584294;,
   -11.519813;110.769638;10.705131;,
   -12.114086;113.374349;10.063045;,
   -9.032653;105.746086;12.383286;,
   -5.328352;109.878042;13.797915;,
   -9.427615;116.211699;13.664165;,
   -9.174360;111.137830;12.584294;,
   -1.872208;102.614253;13.644517;,
   -0.074024;107.427789;13.276309;,
   -2.130030;108.588941;13.967221;,
   -0.074032;114.439680;14.097248;,
   -2.392235;114.996800;15.031442;,
   -4.944183;103.870112;13.511216;,
   -5.582824;100.126944;13.717149;,
   -9.632262;102.534170;12.666367;,
   -6.231445;97.936518;14.208726;,
   -10.050231;100.519526;13.251817;,
   -2.071228;96.381830;14.157824;,
   -4.693206;94.441402;15.095202;,
   -10.580199;98.729485;13.506333;,
   -13.473144;100.087885;11.962632;,
   -13.876464;102.794912;11.627183;,
   -12.881102;104.462880;10.901596;,
   -12.243285;107.144525;10.658920;,
   -14.027221;108.028314;7.955796;,
   -13.334630;110.653402;7.507985;,
   -13.727904;96.469722;12.058579;,
   -15.619506;97.602534;9.905747;,
   -15.110472;100.913075;10.270494;,
   -15.535766;103.240224;9.613206;,
   -13.876464;102.794912;11.627183;,
   -14.776733;104.737299;9.034226;,
   -14.826598;107.640614;3.726212;,
   -15.575438;104.567373;4.908586;,
   -15.539427;103.543936;0.596391;,
   -14.288390;107.098138;0.090946;,
   -14.641966;102.664058;-3.148726;,
   -13.330322;105.262688;-3.410384;,
   -12.177978;106.998042;-3.237197;,
   -12.412230;101.329094;-6.208326;,
   -10.413207;103.621088;-6.029310;,
   -13.635170;110.461965;3.213647;,
   -13.332930;109.218765;0.119509;,
   -12.002358;108.308582;-2.773290;,
   -13.252767;110.698304;0.549615;,
   -12.415624;110.832026;-2.131522;,
   -9.904418;101.246086;-7.092542;,
   -9.704162;98.649408;-7.546705;,
   -7.207580;95.207021;-7.660290;,
   -7.561218;97.792960;-7.666394;,
   -6.331054;92.525382;-7.416454;,
   -5.494934;94.496083;-8.295726;,
   -8.555907;92.938470;-7.442150;,
   -11.711669;96.463859;-7.608228;,
   -14.695555;99.725581;-4.788831;,
   -15.664794;100.710931;-2.975752;,
   -16.535765;101.480461;1.441591;,
   -5.962768;89.303706;-6.202282;,
   -4.961028;90.823232;-7.269542;,
   -4.481811;87.589837;-5.116588;,
   -16.576293;102.138662;5.172593;,
   -16.688963;100.607411;5.658067;,
   -17.325315;97.909171;5.706530;,
   -17.676024;95.631827;5.348314;,
   -15.853882;94.637690;9.235338;,
   -17.776365;93.124992;4.707507;,
   -11.275634;91.028314;12.775011;,
   -11.617065;95.528314;13.427598;,
   -13.276854;93.562490;12.047472;,
   -13.675781;90.163078;10.486193;,
   -16.147093;91.908198;7.919421;,
   -13.576050;87.344717;10.798206;,
   -11.164916;87.815424;12.763782;,
   -15.857542;88.940422;8.176622;,
   -15.151733;85.942374;9.480212;,
   -13.612670;83.809562;10.596546;,
   -10.708739;84.291987;12.361682;,
   -9.026794;88.199213;14.001086;,
   -9.613036;93.523430;14.113512;,
   -11.275634;91.028314;12.775011;,
   -11.791014;81.822746;10.718371;,
   -12.418456;80.939443;9.743762;,
   -9.519286;81.705069;11.343982;,
   -7.102538;85.114253;13.693469;,
   -7.223388;90.794912;14.872422;,
   -7.547668;94.502925;14.739611;,
   -4.833618;87.724602;14.708483;,
   -4.425811;91.060538;15.284654;,
   -6.776245;82.269523;12.129260;,
   -4.144653;83.629875;12.714710;,
   -2.694183;85.125971;13.376574;,
   -2.062637;87.377920;14.209094;,
   -1.911590;90.468742;14.820299;,
   -1.976318;93.532218;14.836779;,
   -1.196251;84.671866;11.557238;,
   -0.073979;87.125971;12.056018;,
   -0.073979;90.353510;13.348254;,
   -0.073979;93.344717;13.712267;,
   -0.073979;94.968742;13.718859;,
   -0.073979;101.161126;12.963365;,
   -3.028045;82.462394;10.832995;,
   -0.696426;84.779290;8.784167;,
   -0.073979;85.850579;9.671862;,
   -4.732452;81.235341;8.972157;,
   -5.758239;81.238272;10.573230;,
   -8.426879;80.596186;9.986804;,
   -2.161545;82.652339;8.618823;,
   -3.148468;82.958003;6.215076;,
   -0.991524;85.182611;5.691028;,
   -0.073979;86.129875;6.923633;,
   -5.076110;81.197261;7.596058;,
   -8.929626;80.105459;8.908497;,
   -12.839477;80.458490;8.938403;,
   -15.596923;81.833978;8.534534;,
   -18.179197;89.763667;5.432238;,
   -17.967162;86.884755;6.058337;,
   -17.169432;83.975578;7.346606;,
   -19.257200;82.731923;4.236560;,
   -17.169432;83.975578;7.346606;,
   -17.967162;86.884755;6.058337;,
   -19.064451;90.434560;2.189731;,
   -19.400267;87.209952;3.317767;,
   -18.179197;89.763667;5.432238;,
   -17.776365;93.124992;4.707507;,
   -18.172728;93.475578;1.189486;,
   -17.676024;95.631827;5.348314;,
   -17.921629;95.900384;1.695406;,
   -17.849608;93.528314;-1.708462;,
   16.383054;96.762688;-1.908979;,
   16.513792;100.085933;1.753954;,
   17.375486;97.647456;1.906603;,
   15.537842;98.849600;-2.757947;,
   14.616576;97.757805;-4.719892;,
   15.187499;95.923821;-4.858686;,
   14.547606;99.725581;-4.788831;,
   12.875976;94.747066;-7.216810;,
   11.563720;96.463859;-7.608228;,
   15.516845;100.710931;-2.975752;,
   16.387816;101.480461;1.441591;,
   16.428342;102.138662;5.172593;,
   16.541014;100.607411;5.658067;,
   17.177366;97.909171;5.706530;,
   17.528074;95.631827;5.348314;,
   17.773680;95.900384;1.695406;,
   12.270507;80.939443;9.743763;,
   13.464720;83.809562;10.596546;,
   11.643066;81.822746;10.718372;,
   15.448974;81.833978;8.534534;,
   15.003784;85.942374;9.480212;,
   17.021483;83.975578;7.346607;,
   17.819211;86.884755;6.058338;,
   15.709594;88.940422;8.176623;,
   15.999144;91.908198;7.919421;,
   13.527709;90.163078;10.486194;,
   13.427978;87.344717;10.798206;,
   10.560790;84.291987;12.361682;,
   9.371337;81.705069;11.343982;,
   8.278930;80.596186;9.986805;,
   12.691527;80.458490;8.938404;,
   8.781676;80.105459;8.908497;,
   11.016967;87.815424;12.763782;,
   4.584472;81.235341;8.972157;,
   4.928131;81.197261;7.596058;,
   15.471557;97.602534;9.905747;,
   13.325194;100.087885;11.962632;,
   13.579955;96.469722;12.058580;,
   15.705931;94.637690;9.235338;,
   13.128906;93.562490;12.047472;,
   11.127685;91.028314;12.775011;,
   8.878783;88.199213;14.001086;,
   6.954590;85.114253;13.693469;,
   6.628296;82.269523;12.129261;,
   9.465087;93.523430;14.113512;,
   7.075439;90.794912;14.872422;,
   5.610290;81.238272;10.573230;,
   3.996704;83.629875;12.714710;,
   4.685668;87.724602;14.708483;,
   4.277862;91.060538;15.284654;,
   7.399718;94.502925;14.739611;,
   4.545257;94.441402;15.095202;,
   1.923263;96.381830;14.157824;,
   1.828369;93.532218;14.836779;,
   1.763626;90.468742;14.820299;,
   1.914673;87.377920;14.209094;,
   2.546219;85.125971;13.376574;,
   -0.073979;90.353510;13.348254;,
   -0.073979;87.125971;12.056018;,
   1.048294;84.671866;11.557238;,
   2.880096;82.462394;10.832996;,
   2.013580;82.652339;8.618824;,
   -0.073979;85.850579;9.671862;,
   0.548470;84.779290;8.784167;,
   3.000488;82.958003;6.215076;,
   0.843567;85.182611;5.691028;,
   -0.073979;86.129875;6.923633;,
   -2.063202;81.610342;0.835820;,
   -1.179627;84.522451;3.006886;,
   -2.682343;81.414541;4.663685;,
   -3.148468;82.958003;6.215076;,
   -5.076110;81.197261;7.596058;,
   -12.839477;80.458490;8.938403;,
   -15.596923;81.833978;8.534534;,
   -14.047973;78.312979;8.384998;,
   9.902282;100.519526;13.251817;,
   12.733154;104.462880;10.901596;,
   9.484313;102.534170;12.666367;,
   8.884704;105.746086;12.383286;,
   5.434875;100.126944;13.717149;,
   6.083496;97.936518;14.208726;,
   10.432250;98.729485;13.506333;,
   11.469115;95.528314;13.427598;,
   13.728515;102.794912;11.627183;,
   13.088308;112.669773;5.644519;,
   13.186608;110.653274;7.507985;,
   13.487144;110.461824;3.213647;,
   14.678650;107.640614;3.726212;,
   13.879272;108.028314;7.955796;,
   14.628784;104.737299;9.034226;,
   15.387816;103.240224;9.613206;,
   14.962523;100.913075;10.270494;,
   14.140442;107.098138;0.090946;,
   13.184890;109.218637;0.119509;,
   15.391357;103.543936;0.596391;,
   15.427368;104.567373;4.908586;,
   13.182372;105.262688;-3.410384;,
   12.030028;106.998042;-3.237197;,
   11.854330;108.308493;-2.773290;,
   13.104653;110.698010;0.549615;,
   12.267480;110.831706;-2.131522;,
   9.207841;107.477427;-4.310818;,
   9.672973;105.529286;-5.059675;,
   10.265258;103.621088;-6.029310;,
   12.264282;101.329094;-6.208326;,
   14.494018;102.664058;-3.148726;,
   10.006617;110.844390;-4.082940;,
   8.407958;92.938470;-7.442150;,
   9.556213;98.649408;-7.546705;,
   11.563720;96.463859;-7.608228;,
   14.547606;99.725581;-4.788831;,
   15.516845;100.710931;-2.975752;,
   16.387816;101.480461;1.441591;,
   16.428342;102.138662;5.172593;,
   8.182494;100.159174;-7.151930;,
   9.756469;101.246086;-7.092542;,
   5.814819;89.303706;-6.202282;,
   4.333831;87.589837;-5.116588;,
   4.813049;90.823232;-7.269543;,
   6.183105;92.525382;-7.416454;,
   7.363647;95.852531;-7.687695;,
   7.487487;97.777338;-7.656202;,
   -2.546783;90.392570;-7.423046;,
   -3.282196;86.095693;-3.639232;,
   -1.851135;85.907219;-4.108867;,
   -1.876343;84.487296;-0.660518;,
   -0.073979;84.681632;1.408024;,
   -0.073979;85.750970;-4.525982;,
   1.703171;85.907219;-4.108867;,
   2.398819;90.392570;-7.423046;,
   3.134247;86.095693;-3.639232;,
   -0.073979;90.400384;-7.847118;,
   1.728378;84.487296;-0.660518;,
   1.031670;84.522451;3.006886;,
   -0.073979;86.129875;6.923633;,
   0.843567;85.182611;5.691028;,
   3.000488;82.958003;6.215076;,
   -1.179627;84.522451;3.006886;,
   -0.991524;85.182611;5.691028;,
   -3.148468;82.958003;6.215076;,
   11.371787;110.769523;10.705131;,
   9.026322;111.137715;12.584293;,
   12.095336;107.144525;10.658920;,
   4.796203;103.870112;13.511216;,
   5.180253;109.877978;13.797915;,
   9.279475;116.211136;13.664166;,
   5.571236;116.635136;14.872395;,
   1.981984;108.588915;13.967221;,
   1.724258;102.614253;13.644517;,
   2.244041;114.996634;15.031442;,
   -0.074032;114.439680;14.097248;,
   -0.074024;107.427789;13.276309;,
   -0.073979;101.161126;12.963365;,
   -0.073979;94.968742;13.718859;,
   -0.073979;93.344717;13.712267;,
   16.541014;100.607411;5.658067;,
   17.177366;97.909171;5.706530;,
   17.528074;95.631827;5.348314;,
   17.628416;93.124992;4.707507;,
   18.031248;89.763667;5.432238;,
   5.791492;163.072218;2.342948;,
   6.060706;163.635456;-0.410412;,
   6.086524;165.962778;2.007348;,
   5.346543;164.887757;3.336460;,
   4.975619;164.929830;3.940561;,
   4.145896;163.812685;4.880294;,
   4.568933;164.912294;4.365720;,
   5.110594;162.942426;3.932673;,
   6.161141;160.219686;2.343185;,
   5.693510;160.123917;-0.528556;,
   5.841317;160.372045;-2.442024;,
   5.618050;155.768525;-0.486908;,
   5.211434;155.964813;-2.457665;,
   5.796882;152.830042;-0.728373;,
   7.342902;154.162074;1.896505;,
   6.593819;156.839795;2.114173;,
   5.429100;160.816397;4.857988;,
   3.582223;162.347622;5.565605;,
   2.918524;163.886029;5.597613;,
   1.564798;162.582976;5.827384;,
   1.892088;164.111680;5.726967;,
   -0.073626;164.559066;5.383008;,
   -0.073971;162.469696;5.347953;,
   1.434838;159.189427;7.365714;,
   2.035026;150.374989;14.168810;,
   -0.073972;154.504870;10.040819;,
   -0.073973;149.869120;13.352159;,
   1.453438;155.416000;10.414172;,
   3.595406;159.254848;7.491264;,
   5.978951;158.743117;6.748344;,
   7.127205;157.923776;5.313652;,
   8.169990;156.207974;4.630574;,
   17.147834;151.975565;4.076832;,
   19.310798;151.942362;5.632923;,
   19.478278;151.686502;4.176654;,
   16.470834;153.123034;6.190358;,
   13.955696;152.378880;4.251516;,
   13.794808;153.681613;5.410756;,
   9.970162;153.572237;4.017964;,
   11.278206;154.649382;5.151571;,
   12.194832;155.108365;6.680837;,
   9.462654;156.613248;6.686513;,
   15.336800;152.014618;3.524068;,
   9.084906;152.414029;2.150121;,
   13.840094;151.819302;1.916082;,
   16.508184;152.342758;2.639364;,
   20.585822;151.985331;2.806049;,
   15.552498;151.434560;0.203805;,
   15.797736;150.763661;-0.818736;,
   14.411506;150.863245;-0.668276;,
   17.123907;151.912090;1.210919;,
   17.780037;150.966784;-0.622531;,
   20.594368;151.674790;1.272686;,
   14.894050;151.848602;0.804952;,
   12.869391;149.653286;-1.916285;,
   13.543342;151.155264;-0.611784;,
   15.535042;148.581043;-2.531215;,
   11.753912;148.544896;-2.332606;,
   12.103156;150.296858;-1.937464;,
   12.817634;151.469696;0.560537;,
   11.610968;147.159155;-2.888498;,
   9.874334;149.236314;-3.322825;,
   10.911872;150.667955;-1.209826;,
   4.702979;150.669888;-3.327708;,
   3.485603;152.965786;-3.215707;,
   4.887153;152.585907;-2.803660;,
   6.050422;151.057587;-1.376368;,
   6.143073;149.310528;-3.871349;,
   7.713996;151.335910;-0.251097;,
   9.042425;149.942362;-2.726054;,
   6.721808;148.297830;-4.911326;,
   13.741461;145.875942;-2.657023;,
   10.881962;144.009754;-4.758403;,
   7.902654;143.579085;-6.197094;,
   4.501867;142.875955;-7.201062;,
   4.279334;147.285146;-5.591503;,
   3.788001;148.267558;-4.864361;,
   2.843848;150.874970;-3.325633;,
   5.576664;137.438464;-9.544079;,
   1.766945;153.654272;-4.328744;,
   1.332069;151.942349;-3.815134;,
   1.415931;149.175770;-3.525005;,
   -0.073973;150.644506;-3.537089;,
   -0.073972;152.271450;-4.251504;,
   -0.073972;153.846643;-5.076760;,
   0.809906;155.591770;-5.156227;,
   1.939720;155.689421;-4.774849;,
   -0.073972;157.016576;-6.284312;,
   1.484612;157.221645;-5.499156;,
   -0.073971;157.904282;-7.809766;,
   1.252762;158.135731;-6.896254;,
   2.162591;158.375962;-8.760881;,
   2.751232;159.243072;-7.128349;,
   4.025002;156.445286;-3.023842;,
   2.627877;158.127898;-4.551096;,
   2.328927;158.917952;-5.694227;,
   3.278664;159.682598;-4.591901;,
   5.038948;160.529267;-3.186897;,
   3.742110;160.679578;-5.227121;,
   4.613177;161.630758;-5.066375;,
   5.200021;162.778150;-4.774577;,
   5.809754;163.645965;-3.859188;,
   5.578494;163.539814;-4.904259;,
   6.365693;164.437670;-3.024913;,
   6.385676;164.802317;-0.485522;,
   6.658707;166.376512;0.092808;,
   6.143567;163.853107;-1.120871;,
   1.915253;81.610342;0.835820;,
   2.534378;81.414541;4.663685;,
   1.031670;84.522451;3.006886;,
   3.000488;82.958003;6.215076;,
   4.928131;81.197261;7.596058;,
   -0.073852;121.381709;15.958501;,
   -2.562626;121.219738;16.624899;,
   -0.074032;114.439680;14.097370;,
   -0.073912;127.791155;16.603629;,
   -0.073973;149.869120;13.352159;,
   -2.182976;150.374989;14.168811;,
   -0.073973;145.028301;15.449328;,
   -0.073972;154.504870;10.040819;,
   -0.073973;147.639629;-4.000408;,
   1.688453;147.320294;-5.243420;,
   -0.073972;146.485338;-5.434338;,
   1.532614;145.964826;-6.128858;,
   -0.073974;144.233382;-6.173047;,
   1.801779;141.957018;-7.641918;,
   -1.680566;145.964826;-6.128858;,
   -1.836404;147.320294;-5.243420;,
   -1.563897;149.175770;-3.525005;,
   2.925390;141.318349;-7.901684;,
   1.977132;139.811507;-8.378857;,
   2.167623;137.480448;-9.179394;,
   -0.073973;137.348621;-8.291699;,
   0.335000;134.152333;-8.684400;,
   -0.482936;134.152333;-8.684400;,
   0.491490;131.886221;-9.299756;,
   9.348575;137.504870;-8.747265;,
   6.466923;132.904282;-10.438488;,
   3.066319;133.448230;-10.225414;,
   3.664036;130.460928;-9.947339;,
   0.553371;130.015552;-9.216735;,
   -1.614742;131.776346;-9.568677;,
   -0.701248;130.015552;-9.216735;,
   0.332735;128.187315;-9.240978;,
   4.085769;127.388416;-10.082782;,
   6.878265;129.788966;-9.689329;,
   10.080081;132.344717;-9.327831;,
   1.337705;126.025958;-9.501380;,
   8.138748;127.244838;-9.181785;,
   10.202187;128.781107;-8.240555;,
   12.737430;132.479475;-7.346387;,
   12.899662;138.147443;-6.453625;,
   12.277582;125.921382;-6.337192;,
   12.571447;128.695194;-5.980603;,
   14.342654;133.579085;-5.257398;,
   14.602910;139.615219;-4.498547;,
   13.662725;144.497050;-3.426738;,
   16.236088;140.633779;-2.981334;,
   16.463262;143.697254;-2.771709;,
   18.340949;141.514637;-2.094799;,
   14.068973;129.947251;-4.436872;,
   20.226570;145.716787;-3.436291;,
   20.030037;142.310528;-2.270794;,
   18.099246;140.623027;-0.458840;,
   15.860843;136.315418;-0.198275;,
   16.072514;136.257792;-1.551343;,
   16.207035;139.803699;-2.775219;,
   18.398198;140.874010;-1.640835;,
   15.509648;136.989248;-3.545636;,
   14.894901;131.964826;-2.984937;,
   17.064333;129.854477;4.639848;,
   16.986566;125.888512;8.743004;,
   16.258814;125.563174;5.963959;,
   18.766482;130.417958;7.019884;,
   17.454714;134.356429;3.733690;,
