xof 0303txt 0032
template ColorRGBA {
 <35ff44e0-6c7c-11cf-8f52-0040333594a3>
 FLOAT red;
 FLOAT green;
 FLOAT blue;
 FLOAT alpha;
}

template ColorRGB {
 <d3e16e81-7835-11cf-8f52-0040333594a3>
 FLOAT red;
 FLOAT green;
 FLOAT blue;
}

template Material {
 <3d82ab4d-62da-11cf-ab39-0020af71e433>
 ColorRGBA faceColor;
 FLOAT power;
 ColorRGB specularColor;
 ColorRGB emissiveColor;
 [...]
}

template TextureFilename {
 <a42790e1-7810-11cf-8f52-0040333594a3>
 STRING filename;
}

template Frame {
 <3d82ab46-62da-11cf-ab39-0020af71e433>
 [...]
}

template Matrix4x4 {
 <f6f23f45-7686-11cf-8f52-0040333594a3>
 array FLOAT matrix[16];
}

template FrameTransformMatrix {
 <f6f23f41-7686-11cf-8f52-0040333594a3>
 Matrix4x4 frameMatrix;
}

template Vector {
 <3d82ab5e-62da-11cf-ab39-0020af71e433>
 FLOAT x;
 FLOAT y;
 FLOAT z;
}

template MeshFace {
 <3d82ab5f-62da-11cf-ab39-0020af71e433>
 DWORD nFaceVertexIndices;
 array DWORD faceVertexIndices[nFaceVertexIndices];
}

template Mesh {
 <3d82ab44-62da-11cf-ab39-0020af71e433>
 DWORD nVertices;
 array Vector vertices[nVertices];
 DWORD nFaces;
 array MeshFace faces[nFaces];
 [...]
}

template MeshMaterialList {
 <f6f23f42-7686-11cf-8f52-0040333594a3>
 DWORD nMaterials;
 DWORD nFaceIndexes;
 array DWORD faceIndexes[nFaceIndexes];
 [Material <3d82ab4d-62da-11cf-ab39-0020af71e433>]
}

template VertexElement {
 <f752461c-1e23-48f6-b9f8-8350850f336f>
 DWORD Type;
 DWORD Method;
 DWORD Usage;
 DWORD UsageIndex;
}

template DeclData {
 <bf22e553-292c-4781-9fea-62bd554bdd93>
 DWORD nElements;
 array VertexElement Elements[nElements];
 DWORD nDWords;
 array DWORD data[nDWords];
}

template XSkinMeshHeader {
 <3cf169ce-ff7c-44ab-93c0-f78f62d172e2>
 WORD nMaxSkinWeightsPerVertex;
 WORD nMaxSkinWeightsPerFace;
 WORD nBones;
}

template SkinWeights {
 <6f0d123b-bad2-4167-a0d0-80224f25fabb>
 STRING transformNodeName;
 DWORD nWeights;
 array DWORD vertexIndices[nWeights];
 array FLOAT weights[nWeights];
 Matrix4x4 matrixOffset;
}

template AnimTicksPerSecond {
 <9e415a43-7ba6-4a73-8743-b73d47e88476>
 DWORD AnimTicksPerSecond;
}

template Animation {
 <3d82ab4f-62da-11cf-ab39-0020af71e433>
 [...]
}

template AnimationSet {
 <3d82ab50-62da-11cf-ab39-0020af71e433>
 [Animation <3d82ab4f-62da-11cf-ab39-0020af71e433>]
}

template FloatKeys {
 <10dd46a9-775b-11cf-8f52-0040333594a3>
 DWORD nValues;
 array FLOAT values[nValues];
}

template TimedFloatKeys {
 <f406b180-7b3b-11cf-8f52-0040333594a3>
 DWORD time;
 FloatKeys tfkeys;
}

template AnimationKey {
 <10dd46a8-775b-11cf-8f52-0040333594a3>
 DWORD keyType;
 DWORD nKeys;
 array TimedFloatKeys keys[nKeys];
}


Material Material__58 {
 1.000000;1.000000;1.000000;1.000000;;
 10.000000;
 0.000000;0.000000;0.000000;;
 0.000000;0.000000;0.000000;;

 TextureFilename {
  "Knife_D.tga";
 }
}

Material Material__59 {
 1.000000;1.000000;1.000000;1.000000;;
 10.000000;
 0.000000;0.000000;0.000000;;
 0.000000;0.000000;0.000000;;

 TextureFilename {
  "hands_1stP_military_diff.tga";
 }
}

Frame SceneRoot {
 

 FrameTransformMatrix {
  1.000000,0.000000,0.000000,0.000000,0.000000,1.000000,0.000000,0.000000,0.000000,0.000000,1.000000,0.000000,0.000000,0.000000,0.000000,1.000000;;
 }

 Frame RootBone {
  

  FrameTransformMatrix {
   0.000000,0.000000,1.200000,0.000000,0.000000,1.200000,0.000000,0.000000,-1.200000,0.000000,0.000000,0.000000,-5.923366,1.697086,-0.451438,1.000000;;
  }

  Frame Hands_Hub01 {
   

   FrameTransformMatrix {
    0.000000,1.000000,-0.000000,0.000000,0.000002,0.000000,1.000000,0.000000,1.000000,-0.000000,-0.000002,0.000000,-11.577375,-1.276815,-4.880900,1.000000;;
   }

   Frame Hands_LArmCollarbone {
    

    FrameTransformMatrix {
     -0.056644,0.350290,-0.934927,0.000000,-0.972180,0.193826,0.131522,0.000000,0.227284,0.916367,0.329565,0.000000,0.550025,0.782968,6.584862,1.000000;;
    }

    Frame Hands_LArm1 {
     

     FrameTransformMatrix {
      0.745689,0.251503,0.617004,0.000000,0.496411,0.407977,-0.766244,0.000000,-0.444437,0.877668,0.179375,0.000000,7.387082,0.000000,-0.000000,1.000000;;
     }

     Frame Hands_LArm2 {
      

      FrameTransformMatrix {
       -0.438747,-0.114446,0.891293,0.000000,0.269334,0.929510,0.251935,0.000000,-0.857299,0.350591,-0.376995,0.000000,15.749214,0.000000,-0.000001,1.000000;;
      }

      Frame Hands_LArmPalm {
       

       FrameTransformMatrix {
        0.558147,-0.794729,0.238491,0.000000,-0.087058,0.229751,0.969348,0.000000,-0.825162,-0.561802,0.059047,0.000000,13.645366,-0.000004,-0.000002,1.000000;;
       }

       Frame Hands_LArmThumb1 {
        

        FrameTransformMatrix {
         0.581732,0.812895,-0.028101,0.000000,-0.523724,0.347911,-0.777606,0.000000,-0.622335,0.467075,0.628124,0.000000,1.025019,0.149493,-1.053124,1.000000;;
        }

        Frame Hands_LArmThumb2 {
         

         FrameTransformMatrix {
          0.822306,-0.073814,-0.564238,0.000000,0.069069,0.997167,-0.029791,0.000000,0.564838,-0.014474,0.825075,0.000000,2.997646,0.000000,0.000000,1.000000;;
         }

         Frame Hands_LArmThumb3 {
          

          FrameTransformMatrix {
           0.991342,-0.008487,-0.131031,0.000000,0.008711,0.999962,0.001132,0.000000,0.131016,-0.002264,0.991378,0.000000,1.568375,0.000001,0.000000,1.000000;;
          }
         }
        }
       }

       Frame Hands_LArmFinger11 {
        

        FrameTransformMatrix {
         0.967278,0.245778,0.062980,0.000000,-0.224376,0.944518,-0.239875,0.000000,-0.118442,0.217894,0.968759,0.000000,4.651293,1.298333,-0.184426,1.000000;;
        }

        Frame Hands_LArmFinger12 {
         

         FrameTransformMatrix {
          0.913790,-0.019751,-0.405707,0.000000,0.022303,0.999750,0.001563,0.000000,0.405575,-0.010477,0.914002,0.000000,1.967897,0.000000,0.000000,1.000000;;
         }

         Frame Hands_LArmFinger13 {
          

          FrameTransformMatrix {
           0.993027,-0.021888,-0.115842,0.000000,0.021865,0.999760,-0.001469,0.000000,0.115847,-0.001074,0.993267,0.000000,1.282021,0.000001,-0.000001,1.000000;;
          }
         }
        }
       }

       Frame Hands_LArmFinger21 {
        

        FrameTransformMatrix {
         0.997243,0.021626,0.070981,0.000000,-0.012926,0.992591,-0.120811,0.000000,-0.073068,0.119561,0.990134,0.000000,4.644094,0.310960,0.107951,1.000000;;
        }

        Frame Hands_LArmFinger22 {
         

         FrameTransformMatrix {
          0.932604,-0.042921,-0.358341,0.000000,0.041156,0.999074,-0.012556,0.000000,0.358548,-0.003038,0.933506,0.000000,2.267685,0.000001,0.000000,1.000000;;
         }

         Frame Hands_LArmFinger23 {
          

          FrameTransformMatrix {
           0.993294,0.047344,-0.105475,0.000000,-0.048760,0.998751,-0.010888,0.000000,0.104827,0.015958,0.994362,0.000000,1.357072,0.000001,-0.000000,1.000000;;
          }
         }
        }
       }

       Frame Hands_LArmFinger31 {
        

        FrameTransformMatrix {
         0.991075,-0.133182,-0.005663,0.000000,0.133258,0.990946,0.016352,0.000000,0.003434,-0.016961,0.999850,0.000000,0.370761,-0.194487,0.112022,1.000000;;
        }

        Frame Hands_LArmFinger32 {
         

         FrameTransformMatrix {
          0.998708,-0.044298,0.024884,0.000000,0.040165,0.988271,0.147329,0.000000,-0.031118,-0.146140,0.988774,0.000000,4.166521,-0.000001,-0.000000,1.000000;;
         }

         Frame Hands_LArmFinger33 {
          

          FrameTransformMatrix {
           0.943347,0.064832,-0.325413,0.000000,-0.068006,0.997684,0.001623,0.000000,0.324765,0.020599,0.945571,0.000000,2.171416,0.000000,-0.000000,1.000000;;
          }

          Frame Hands_LArmFinger34 {
           

           FrameTransformMatrix {
            0.998142,0.008846,-0.060280,0.000000,-0.008713,0.999959,0.002463,0.000000,0.060299,-0.001934,0.998179,0.000000,1.301954,-0.000001,-0.000001,1.000000;;
           }
          }
         }
        }
       }

       Frame Hands_LArmFinger41 {
        

        FrameTransformMatrix {
         0.949071,-0.301639,-0.090982,0.000000,0.307961,0.949122,0.065791,0.000000,0.066508,-0.090459,0.993677,0.000000,0.379576,-0.407061,0.157656,1.000000;;
        }

        Frame Hands_LArmFinger42 {
         

         FrameTransformMatrix {
          0.998229,-0.055490,-0.021452,0.000000,0.057840,0.989610,0.131628,0.000000,0.013926,-0.132635,0.991067,0.000000,3.826998,0.000000,0.000001,1.000000;;
         }

         Frame Hands_LArmFinger43 {
          

          FrameTransformMatrix {
           0.973160,0.156368,-0.168847,0.000000,-0.157151,0.987535,0.008799,0.000000,0.168119,0.017972,0.985603,0.000000,1.617777,-0.000002,-0.000001,1.000000;;
          }

          Frame Hands_LArmFinger44 {
           

           FrameTransformMatrix {
            0.990358,-0.077552,-0.114796,0.000000,0.080167,0.996613,0.018338,0.000000,0.112985,-0.027364,0.993220,0.000000,1.026681,-0.000002,0.000000,1.000000;;
           }
          }
         }
        }
       }

       Frame Hands_LPalm_morph {
        

        FrameTransformMatrix {
         1.000000,-0.000000,0.000000,0.000000,-0.000000,1.000000,0.000000,0.000000,0.000000,0.000000,1.000000,0.000000,0.000003,0.000001,2.736034,1.000000;;
        }
       }
      }

      Frame Hands_Lwrist {
       

       FrameTransformMatrix {
        1.000000,0.000000,-0.000000,0.000000,0.000000,1.000000,0.000000,0.000000,-0.000000,-0.000000,1.000000,0.000000,12.667580,-0.000004,-0.000002,1.000000;;
       }
      }

      Frame Hands_LSleeve {
       

       FrameTransformMatrix {
        1.000000,0.000000,-0.000000,0.000000,0.000000,1.000000,0.000000,0.000000,-0.000000,-0.000000,1.000000,0.000000,11.831036,-0.000002,-0.000002,1.000000;;
       }
      }
     }
    }
   }

   Frame Hands_RArmCollarbone {
    

    FrameTransformMatrix {
     0.159766,-0.959312,-0.232801,0.000000,0.972180,0.193826,-0.131522,0.000000,0.171293,-0.205312,0.963590,0.000000,0.550024,-0.782969,6.584862,1.000000;;
    }

    Frame Hands_RArm1 {
     

     FrameTransformMatrix {
      -0.414613,-0.890888,0.185513,0.000000,0.157678,0.130445,0.978837,0.000000,-0.896233,0.435090,0.086389,0.000000,7.387082,-0.000000,0.000000,1.000000;;
     }

     Frame Hands_RArm2 {
      

      FrameTransformMatrix {
       -0.143109,0.017528,0.989552,0.000000,0.300919,0.953278,0.026634,0.000000,-0.942851,0.301587,-0.141697,0.000000,15.749218,0.000003,-0.000001,1.000000;;
      }

      Frame Hands_RArmPalm {
       

       FrameTransformMatrix {
        0.885630,0.124465,-0.447403,0.000000,-0.111853,0.992223,0.054621,0.000000,0.450721,0.001669,0.892663,0.000000,13.645376,-0.000000,0.000000,1.000000;;
       }

       Frame Hands_RArmThumb1 {
        

        FrameTransformMatrix {
         0.666642,-0.703504,-0.246314,0.000000,0.584048,0.287691,0.759027,0.000000,-0.463116,-0.649858,0.602668,0.000000,1.025020,-0.149493,-1.053123,1.000000;;
        }

        Frame Hands_RArmThumb2 {
         

         FrameTransformMatrix {
          0.735693,0.071082,-0.673575,0.000000,-0.069069,0.997167,0.029791,0.000000,0.673784,0.024606,0.738519,0.000000,2.997644,-0.000000,0.000000,1.000000;;
         }

         Frame Hands_RArmThumb3 {
          

          FrameTransformMatrix {
           0.551500,0.003859,-0.834166,0.000000,-0.008711,0.999961,-0.001132,0.000000,0.834129,0.007891,0.551512,0.000000,1.568376,0.000000,0.000000,1.000000;;
          }
         }
        }
       }

       Frame Hands_RArmFinger11 {
        

        FrameTransformMatrix {
         0.788668,-0.016151,-0.614607,0.000000,-0.045600,0.995365,-0.084671,0.000000,0.613126,0.094804,0.784276,0.000000,4.651288,-1.298332,-0.184425,1.000000;;
        }

        Frame Hands_RArmFinger12 {
         

         FrameTransformMatrix {
          -0.189540,-0.001491,-0.981872,0.000000,-0.005771,0.999983,-0.000405,0.000000,0.981856,0.005589,-0.189546,0.000000,1.967899,0.000000,0.000000,1.000000;;
         }

         Frame Hands_RArmFinger13 {
          

          FrameTransformMatrix {
           0.770449,-0.002635,-0.637497,0.000000,0.020011,0.999599,0.020053,0.000000,0.637188,-0.028207,0.770192,0.000000,1.282021,0.000000,-0.000001,1.000000;;
          }
         }
        }
       }

       Frame Hands_RArmFinger21 {
        

        FrameTransformMatrix {
         0.530874,-0.043585,-0.846330,0.000000,-0.060957,0.994126,-0.089432,0.000000,0.845256,0.099067,0.525099,0.000000,4.644093,-0.310959,0.107954,1.000000;;
        }

        Frame Hands_RArmFinger22 {
         

         FrameTransformMatrix {
          -0.121267,-0.000452,-0.992620,0.000000,0.002494,0.999997,-0.000760,0.000000,0.992617,-0.002567,-0.121265,0.000000,2.267685,-0.000000,-0.000000,1.000000;;
         }

         Frame Hands_RArmFinger23 {
          

          FrameTransformMatrix {
           0.787026,-0.052296,-0.614698,0.000000,0.028455,0.998417,-0.048510,0.000000,0.616263,0.020687,0.787269,0.000000,1.357072,0.000000,0.000000,1.000000;;
          }
         }
        }
       }

       Frame Hands_RArmFinger31 {
        

        FrameTransformMatrix {
         0.991076,0.133182,-0.005663,0.000000,-0.133258,0.990947,-0.016352,0.000000,0.003434,0.016961,0.999851,0.000000,0.370758,0.194487,0.112024,1.000000;;
        }

        Frame Hands_RArmFinger32 {
         

         FrameTransformMatrix {
          0.434639,-0.115487,-0.893169,0.000000,-0.040164,0.988272,-0.147329,0.000000,0.899709,0.099909,0.424903,0.000000,4.166523,0.000001,-0.000000,1.000000;;
         }

         Frame Hands_RArmFinger33 {
          

          FrameTransformMatrix {
           -0.154100,-0.000813,-0.988055,0.000000,-0.006176,0.999981,0.000140,0.000000,0.988036,0.006123,-0.154102,0.000000,2.171415,-0.000001,-0.000001,1.000000;;
          }

          Frame Hands_RArmFinger34 {
           

           FrameTransformMatrix {
            0.852670,0.051471,-0.519909,0.000000,-0.078141,0.996506,-0.029499,0.000000,0.516574,0.065779,0.853712,0.000000,1.301955,-0.000000,0.000001,1.000000;;
           }
          }
         }
        }
       }

       Frame Hands_RArmFinger41 {
        

        FrameTransformMatrix {
         0.949071,0.301638,-0.090982,0.000000,-0.307962,0.949121,-0.065791,0.000000,0.066508,0.090459,0.993677,0.000000,0.379573,0.407063,0.157656,1.000000;;
        }

        Frame Hands_RArmFinger42 {
         

         FrameTransformMatrix {
          0.561154,-0.076821,-0.824139,0.000000,-0.057840,0.989611,-0.131628,0.000000,0.825688,0.121532,0.550880,0.000000,3.826997,0.000000,-0.000000,1.000000;;
         }

         Frame Hands_RArmFinger43 {
          

          FrameTransformMatrix {
           0.042749,-0.007830,-0.999055,0.000000,0.080731,0.996727,-0.004358,0.000000,0.995819,-0.080469,0.043242,0.000000,1.617777,-0.000000,0.000000,1.000000;;
          }

          Frame Hands_RArmFinger44 {
           

           FrameTransformMatrix {
            0.671023,0.073862,-0.737748,0.000000,-0.093817,0.995486,0.014334,0.000000,0.735477,0.059595,0.674924,0.000000,1.026681,-0.000000,-0.000001,1.000000;;
           }
          }
         }
        }
       }

       Frame Hands_RPalm_morph {
        

        FrameTransformMatrix {
         1.000000,-0.000000,0.000000,0.000000,0.000000,1.000000,0.000000,0.000000,-0.000000,-0.000000,1.000000,0.000000,0.000001,0.000000,2.736034,1.000000;;
        }
       }
      }

      Frame Hands_R_wrist {
       

       FrameTransformMatrix {
        1.000000,0.000000,0.000000,0.000000,-0.000000,1.000000,0.000000,0.000000,-0.000000,-0.000000,1.000000,0.000000,12.667591,-0.000000,-0.000001,1.000000;;
       }
      }

      Frame Hands_R_Sleeve {
       

       FrameTransformMatrix {
        1.000000,0.000000,0.000000,0.000000,-0.000000,1.000000,0.000000,0.000000,-0.000000,-0.000000,1.000000,0.000000,11.831042,-0.000001,-0.000003,1.000000;;
       }
      }
     }
    }
   }

   Frame knife {
    

    FrameTransformMatrix {
     -0.364580,0.691721,0.623381,0.000000,-0.188928,0.600585,-0.776920,0.000000,-0.911805,-0.401023,-0.088275,0.000000,-7.674110,10.386586,15.278798,1.000000;;
    }
   }
  }
 }

 Frame Knife_Trip {
  

  FrameTransformMatrix {
   1.000000,0.000000,0.000000,0.000000,0.000000,1.000000,0.000000,0.000000,0.000000,0.000000,1.000000,0.000000,0.000000,0.000000,0.000000,1.000000;;
  }

  Mesh Knife_Trip {
   6137;
   15.458042;0.010142;-8.353293;,
   15.604698;0.027816;-8.443438;,
   15.496813;-0.022838;-8.317016;,
   15.519614;-0.071367;-8.317002;,
   15.496813;-0.022838;-8.317016;,
   15.627498;-0.020713;-8.443425;,
   15.634499;-0.078868;-8.460750;,
   15.627498;-0.020713;-8.443425;,
   15.526614;-0.129521;-8.334328;,
   15.604398;-0.123374;-8.504269;,
   15.496515;-0.174027;-8.377846;,
   15.556053;-0.126786;-8.530489;,
   15.604398;-0.123374;-8.504269;,
   15.462992;-0.170480;-8.421435;,
   15.458742;-0.147698;-8.573244;,
   15.409654;-0.170745;-8.515722;,
   15.375314;-0.192616;-8.608114;,
   15.551102;0.053835;-8.462345;,
   15.469285;0.050968;-8.484650;,
   15.420197;0.027920;-8.427127;,
   15.469285;0.050968;-8.484650;,
   15.420197;0.027920;-8.427127;,
   15.395192;0.029343;-8.502218;,
   15.614805;-0.450000;-8.626257;,
   15.607803;-0.391845;-8.608930;,
   15.634499;-0.078868;-8.460750;,
   15.604398;-0.123374;-8.504269;,
   15.583672;-0.340483;-8.608945;,
   15.556053;-0.126786;-8.530489;,
   15.531406;-0.317297;-8.627850;,
   15.449590;-0.320164;-8.650155;,
   15.458742;-0.147698;-8.573244;,
   15.375314;-0.192616;-8.608114;,
   15.375498;-0.341788;-8.667724;,
   16.600974;0.615116;-7.360007;,
   15.654194;0.292264;-8.295245;,
   15.647192;0.350410;-8.277923;,
   15.673888;0.663387;-8.129743;,
   15.666886;0.721541;-8.112418;,
   15.641963;0.774589;-8.112430;,
   16.677248;1.416456;-6.973851;,
   16.600974;0.615116;-7.360007;,
   15.655763;0.917126;-8.045602;,
   15.708944;1.003884;-7.954179;,
   15.895381;1.289851;-7.652986;,
   16.708218;2.097923;-6.674382;,
   16.763158;2.058811;-6.584071;,
   16.762731;2.595945;-6.369224;,
   16.936112;1.998544;-6.441018;,
   16.931064;2.554136;-6.222718;,
   16.733309;2.989629;-6.236597;,
   16.707798;2.628117;-6.462312;,
   16.120525;1.895101;-7.196864;,
   15.912472;1.734132;-7.431762;,
   15.915862;1.793081;-7.401550;,
   15.897205;1.852496;-7.388021;,
   15.963558;2.075482;-7.236542;,
   16.004954;2.107313;-7.191510;,
   16.244310;2.515498;-6.842661;,
   16.678954;3.014082;-6.332283;,
   16.690224;3.322772;-6.139886;,
   16.636614;3.341435;-6.237254;,
   16.629082;3.685929;-6.046556;,
   16.849085;3.315279;-5.987714;,
   16.779995;3.706825;-5.889793;,
   16.570941;3.972492;-5.981357;,
   16.717331;3.999357;-5.826060;,
   16.586666;4.349504;-5.784220;,
   16.488654;4.230010;-5.928661;,
   16.428880;4.662968;-5.780220;,
   16.372429;4.581738;-5.867183;,
   16.249117;4.933776;-5.808484;,
   16.346808;4.574570;-5.901082;,
   16.287709;4.551538;-5.949750;,
   16.213590;4.558638;-5.989105;,
   16.196531;4.308345;-6.103947;,
   16.319795;4.255696;-6.050555;,
   16.439702;4.220098;-5.982662;,
   16.495222;3.958232;-6.051432;,
   16.563643;3.686703;-6.130744;,
   16.450195;3.593612;-6.232948;,
   16.275053;3.647061;-6.338993;,
   16.323280;3.996167;-6.160577;,
   16.167675;4.025449;-6.241918;,
   16.118475;3.666362;-6.427775;,
   16.036458;3.179090;-6.692998;,
   16.184822;3.146971;-6.616360;,
   16.354717;3.084366;-6.518460;,
   16.082154;2.621405;-6.916606;,
   15.945427;2.723396;-6.953261;,
   16.056813;2.595159;-6.944239;,
   16.007109;2.631570;-6.958839;,
   15.928595;2.654655;-6.995166;,
   16.455550;4.692648;-5.728933;,
   16.656438;4.369578;-5.686950;,
   16.802850;4.010364;-5.705934;,
   16.891406;3.718258;-5.747398;,
   16.967002;3.303486;-5.849074;,
   17.018539;2.943825;-5.949198;,
   16.896821;2.967554;-6.086300;,
   17.056728;2.514261;-6.088719;,
   17.065562;1.943568;-6.309839;,
   17.043886;1.229552;-6.614416;,
   16.910149;1.296810;-6.744333;,
   16.731949;1.372103;-6.885843;,
   16.677248;1.416456;-6.973851;,
   16.655432;0.568202;-7.273234;,
   16.839830;0.483765;-7.130098;,
   16.978640;0.409014;-6.998855;,
   16.641293;-3.414041;-8.818494;,
   16.551960;-3.409361;-8.935592;,
   16.286570;-3.358520;-9.161303;,
   16.546917;-3.448702;-8.955659;,
   16.631386;-3.478974;-8.852965;,
   16.615826;-3.508393;-8.878030;,
   16.548466;-3.472431;-8.963843;,
   16.309933;-3.383356;-9.151318;,
   16.319733;-3.461685;-9.233438;,
   16.239824;-3.402015;-9.277719;,
   16.287605;-4.526266;-9.687392;,
   15.950307;-4.402178;-9.925510;,
   16.231029;-3.323106;-9.253608;,
   15.568414;-1.134100;-8.939938;,
   15.575416;-1.192254;-8.957265;,
   15.555722;-1.563380;-9.122769;,
   15.548720;-1.505228;-9.105443;,
   15.545315;-1.236760;-9.000782;,
   15.520318;-1.450209;-9.107637;,
   15.496970;-1.240167;-9.026999;,
   15.472323;-1.430677;-9.124362;,
   15.390507;-1.433545;-9.146666;,
   15.399658;-1.261082;-9.069757;,
   15.316230;-1.305997;-9.104625;,
   15.316414;-1.455169;-9.164234;,
   15.536027;-1.934509;-9.288273;,
   15.529026;-1.876356;-9.270946;,
   15.504104;-1.823311;-9.270962;,
   15.525621;-1.607884;-9.166286;,
   15.477275;-1.611294;-9.192504;,
   15.452629;-1.801805;-9.289866;,
   15.370813;-1.804673;-9.312170;,
   15.379963;-1.632211;-9.235261;,
   15.296536;-1.677126;-9.270128;,
   15.296720;-1.826297;-9.329738;,
   15.509331;-2.247484;-9.436451;,
   15.484410;-2.194439;-9.436466;,
   15.505926;-1.979012;-9.331789;,
   15.432934;-2.172933;-9.455370;,
   15.457581;-1.982423;-9.358007;,
   15.351118;-2.175801;-9.477674;,
   15.360269;-2.003338;-9.400765;,
   15.276840;-2.048254;-9.435633;,
   15.277026;-2.197425;-9.495243;,
   15.516333;-2.305637;-9.453776;,
   15.489637;-2.618612;-9.601955;,
   15.464715;-2.565567;-9.601970;,
   15.486232;-2.350141;-9.497294;,
   15.413240;-2.544062;-9.620874;,
   15.437886;-2.353551;-9.523512;,
   15.331424;-2.546928;-9.643179;,
   15.340576;-2.374466;-9.566269;,
   15.257146;-2.419382;-9.601137;,
   15.257331;-2.568554;-9.660747;,
   15.496638;-2.676765;-9.619281;,
   15.466539;-2.721269;-9.662798;,
   15.431102;-3.028823;-9.818322;,
   15.355125;-2.730008;-9.761374;,
   15.337256;-2.994298;-9.884573;,
   15.272846;-2.769760;-9.787578;,
   15.262101;-2.989327;-9.886777;,
   15.226365;-2.999453;-9.859819;,
   15.237451;-2.790510;-9.766642;,
   15.164822;-4.159158;-10.376990;,
   15.200560;-4.149033;-10.403947;,
   15.275714;-4.154004;-10.401742;,
   15.386550;-4.182798;-10.350365;,
   15.613011;-4.278092;-10.163626;,
   16.540680;-4.619368;-9.508734;,
   16.596958;-3.558827;-9.035786;,
   16.632715;-3.590227;-8.969630;,
   16.625898;-3.603783;-8.938420;,
   16.576437;-4.650768;-9.442578;,
   16.569618;-4.664324;-9.411367;,
   16.555720;-4.670850;-9.395078;,
   16.611998;-3.610310;-8.922131;,
   16.075523;2.535779;-6.957826;,
   16.070853;2.476228;-6.986538;,
   15.846976;1.888659;-7.402002;,
   15.908406;2.083466;-7.267349;,
   15.774434;1.912615;-7.438854;,
   15.818056;2.093526;-7.319176;,
   15.790838;2.092085;-7.338123;,
   15.735378;1.912642;-7.457348;,
   15.868272;1.699805;-7.481726;,
   15.785544;1.475788;-7.650086;,
   15.844067;1.704495;-7.493814;,
   15.724843;1.720003;-7.558573;,
   15.733610;1.511152;-7.662072;,
   15.655221;1.532371;-7.692066;,
   15.615616;1.531840;-7.712121;,
   15.673099;1.714622;-7.589832;,
   15.804202;1.416373;-7.663614;,
   15.799114;1.364876;-7.686295;,
   15.710045;1.061759;-7.921284;,
   15.756011;1.322815;-7.743088;,
   15.689190;1.120141;-7.905180;,
   15.707747;1.335212;-7.773747;,
   15.636274;1.155044;-7.916014;,
   15.610030;1.341814;-7.816944;,
   15.553931;1.174407;-7.941376;,
   15.546781;1.335283;-7.849614;,
   15.488645;1.172784;-7.964334;,
   15.666285;0.970279;-8.005946;,
   15.708944;1.003884;-7.954179;,
   15.613970;0.980775;-8.031860;,
   15.506291;0.982700;-8.063383;,
   15.517720;0.946640;-8.086509;,
   15.435382;0.953414;-8.097678;,
   15.432578;0.935445;-8.107271;,
   15.505331;0.792461;-8.155323;,
   15.426238;0.767041;-8.180155;,
   15.593856;0.797670;-8.135282;,
   15.643787;0.618881;-8.173262;,
   15.625723;0.396105;-8.277936;,
   15.570797;0.424967;-8.296838;,
   15.595442;0.615477;-8.199477;,
   15.488979;0.422100;-8.319143;,
   15.498131;0.594557;-8.242236;,
   15.414701;0.549647;-8.277102;,
   15.414886;0.400475;-8.336712;,
   15.595110;-0.821122;-8.791758;,
   15.588109;-0.762968;-8.774432;,
   15.584706;-0.494496;-8.669771;,
   15.562598;-0.709592;-8.774817;,
   15.536358;-0.497909;-8.695990;,
   15.511714;-0.688419;-8.793353;,
   15.429896;-0.691287;-8.815657;,
   15.439046;-0.518830;-8.738750;,
   15.355619;-0.563739;-8.773615;,
   15.355803;-0.712911;-8.833226;,
   15.565010;-0.865628;-8.835277;,
   15.541459;-1.079903;-8.941227;,
   15.516664;-0.869041;-8.861496;,
   15.492018;-1.059551;-8.958858;,
   15.410202;-1.062419;-8.981163;,
   15.419354;-0.889952;-8.904252;,
   15.336109;-1.084043;-8.998732;,
   15.335925;-0.934871;-8.939122;,
   15.624094;0.247758;-8.338763;,
   15.627498;-0.020713;-8.443425;,
   15.604698;0.027816;-8.443438;,
   15.575747;0.244345;-8.364982;,
   15.551102;0.053835;-8.462345;,
   15.469285;0.050968;-8.484650;,
   15.478437;0.223434;-8.407738;,
   15.395006;0.178515;-8.442608;,
   15.395192;0.029343;-8.502218;,
   15.506922;-0.500653;-8.499834;,
   15.526614;-0.129521;-8.334328;,
   15.499920;-0.442498;-8.482508;,
   15.496515;-0.174027;-8.377846;,
   15.475789;-0.391136;-8.482522;,
   15.462992;-0.170480;-8.421435;,
   15.438346;-0.360990;-8.518798;,
   15.400502;-0.343211;-8.592632;,
   15.409654;-0.170745;-8.515722;,
   15.375314;-0.192616;-8.608114;,
   15.375498;-0.341788;-8.667724;,
   16.491232;0.563590;-7.231406;,
   15.546309;0.241611;-8.168822;,
   15.539309;0.299756;-8.151500;,
   15.566003;0.612734;-8.003321;,
   15.559003;0.670888;-7.985994;,
   15.534080;0.723936;-7.986006;,
   16.567506;1.364930;-6.845249;,
   15.546021;0.865599;-7.917001;,
   15.609395;0.957145;-7.837523;,
   15.820699;1.254787;-7.565472;,
   16.598475;2.046397;-6.545780;,
   16.065264;1.869154;-7.132106;,
   16.598054;2.576591;-6.333710;,
   16.706392;2.569492;-6.303202;,
   16.676970;2.963176;-6.170575;,
   16.892445;2.536003;-6.177461;,
   16.858198;2.949421;-6.041042;,
   16.633883;3.296319;-6.073864;,
   16.810466;3.297146;-5.942456;,
   16.572742;3.659476;-5.980534;,
   16.741373;3.688692;-5.844536;,
   16.514600;3.946039;-5.915335;,
   16.481410;3.648093;-6.034381;,
   16.439110;3.931887;-5.985678;,
   16.450149;4.211930;-5.883537;,
   16.559840;4.336908;-5.752784;,
   16.413850;4.655910;-5.762605;,
   16.455550;4.692648;-5.728933;,
   16.249117;4.933776;-5.808484;,
   16.351755;4.572032;-5.842958;,
   16.393736;4.198516;-5.928796;,
   16.287394;3.979318;-6.118524;,
   16.292053;4.242670;-6.018044;,
   16.317854;4.560975;-5.867153;,
   16.268688;4.542607;-5.927461;,
   16.196531;4.308345;-6.103947;,
   16.213590;4.558638;-5.989105;,
   16.656438;4.369578;-5.686950;,
   16.678710;3.981224;-5.780803;,
   16.891406;3.718258;-5.747398;,
   16.802850;4.010364;-5.705934;,
   16.167675;4.025449;-6.241918;,
   16.118475;3.666362;-6.427775;,
   16.241528;3.631321;-6.299707;,
   16.396792;3.568538;-6.170369;,
   16.526872;3.289909;-6.108652;,
   16.569210;2.962556;-6.203681;,
   16.189048;2.489552;-6.777902;,
   15.966818;2.089407;-7.146821;,
   16.033552;2.458715;-6.942829;,
   16.039005;2.518633;-6.915034;,
   16.046770;2.604791;-6.875142;,
   16.301315;3.059292;-6.455881;,
   16.151299;3.131231;-6.577074;,
   16.036458;3.179090;-6.692998;,
   15.945427;2.723396;-6.953261;,
   16.025501;2.580458;-6.907549;,
   15.987750;2.622481;-6.936154;,
   15.928595;2.654655;-6.995166;,
   16.967002;3.303486;-5.849074;,
   17.018539;2.943825;-5.949198;,
   17.056728;2.514261;-6.088719;,
   17.065562;1.943568;-6.309839;,
   16.897491;1.980411;-6.395760;,
   16.706818;2.032358;-6.518048;,
   16.675610;1.345650;-6.819822;,
   16.599093;0.541749;-7.207211;,
   16.801211;0.465632;-7.084841;,
   16.871528;1.278677;-6.699076;,
   17.043886;1.229552;-6.614416;,
   16.978640;0.409014;-6.998855;,
   16.641293;-3.414041;-8.818494;,
   16.513339;-3.427494;-8.890335;,
   16.230229;-3.384973;-9.095282;,
   16.508294;-3.466836;-8.910402;,
   16.631386;-3.478974;-8.852965;,
   16.615826;-3.508393;-8.878030;,
   16.509846;-3.490564;-8.918586;,
   16.253592;-3.409809;-9.085296;,
   16.487214;-3.610354;-8.907185;,
   16.209989;-3.513211;-9.104835;,
   16.130082;-3.453541;-9.149118;,
   16.177862;-4.577792;-9.558790;,
   15.840566;-4.453705;-9.796907;,
   16.121288;-3.374632;-9.125006;,
   15.460530;-1.184753;-8.813516;,
   15.467531;-1.242907;-8.830841;,
   15.447838;-1.614034;-8.996345;,
   15.440835;-1.555881;-8.979019;,
   15.437432;-1.287413;-8.874359;,
   15.412434;-1.500863;-8.981213;,
   15.403909;-1.283861;-8.917947;,
   15.379262;-1.474371;-9.015310;,
   15.341419;-1.456592;-9.089144;,
   15.350571;-1.284130;-9.012234;,
   15.316230;-1.305997;-9.104625;,
   15.316414;-1.455169;-9.164234;,
   15.428142;-1.985162;-9.161849;,
   15.421142;-1.927009;-9.144524;,
   15.396219;-1.873964;-9.144538;,
   15.417738;-1.658538;-9.039862;,
   15.384214;-1.654988;-9.083450;,
   15.359568;-1.845499;-9.180814;,
   15.321725;-1.827720;-9.254648;,
   15.330877;-1.655258;-9.177738;,
   15.296536;-1.677126;-9.270128;,
   15.296720;-1.826297;-9.329738;,
   15.401448;-2.298137;-9.310028;,
   15.376525;-2.245092;-9.310042;,
   15.398043;-2.029666;-9.205366;,
   15.339874;-2.216627;-9.346318;,
   15.364520;-2.026116;-9.248954;,
   15.302030;-2.198848;-9.420152;,
   15.311182;-2.026385;-9.343242;,
   15.276840;-2.048254;-9.435633;,
   15.277026;-2.197425;-9.495243;,
   15.408448;-2.356290;-9.327354;,
   15.381754;-2.669265;-9.475533;,
   15.356830;-2.616220;-9.475547;,
   15.378349;-2.400794;-9.370870;,
   15.320179;-2.587755;-9.511822;,
   15.344826;-2.397244;-9.414459;,
   15.282336;-2.569976;-9.585656;,
   15.291488;-2.397513;-9.508746;,
   15.257146;-2.419382;-9.601137;,
   15.257331;-2.568554;-9.660747;,
   15.388754;-2.727418;-9.492858;,
   15.358654;-2.771922;-9.536375;,
   15.321358;-3.080349;-9.689720;,
   15.247242;-2.780661;-9.634950;,
   15.227512;-3.045825;-9.755971;,
   15.219123;-2.794984;-9.724622;,
   15.206518;-3.015424;-9.821643;,
   15.226365;-2.999453;-9.859819;,
   15.237451;-2.790510;-9.766642;,
   15.164822;-4.159158;-10.376990;,
   15.144978;-4.175130;-10.338813;,
   15.165971;-4.205531;-10.273140;,
   15.248192;-4.247760;-10.188229;,
   15.503269;-4.329618;-10.035025;,
   16.566549;-3.621294;-8.892093;,
   16.510269;-4.681834;-9.365040;,
   16.598099;-3.616836;-8.905842;,
   16.611998;-3.610310;-8.922131;,
   16.555720;-4.670850;-9.395078;,
   16.541819;-4.677377;-9.378790;,
   16.430938;-4.670894;-9.380132;,
   15.972270;2.149325;-7.119025;,
   16.033552;2.458715;-6.942829;,
   15.992907;2.426048;-6.996962;,
   15.957600;2.210602;-7.110172;,
   15.919848;2.252625;-7.138776;,
   15.838866;2.288223;-7.218553;,
   15.881346;2.461700;-7.112797;,
   15.928174;2.058869;-7.195077;,
   15.856838;1.833544;-7.340719;,
   15.819616;1.875813;-7.369941;,
   15.884822;2.072393;-7.239712;,
   15.761037;1.906326;-7.423157;,
   15.813667;2.091465;-7.314034;,
   15.790838;2.092085;-7.338123;,
   15.735378;1.912642;-7.457348;,
   15.870395;1.771734;-7.348270;,
   15.863661;1.711215;-7.374564;,
   15.820824;1.677527;-7.426124;,
   15.730861;1.450113;-7.586006;,
   15.802662;1.685056;-7.445295;,
   15.711243;1.713616;-7.542634;,
   15.695338;1.493182;-7.617224;,
   15.642611;1.526450;-7.677289;,
   15.615616;1.531840;-7.712121;,
   15.673099;1.714622;-7.589832;,
   15.744418;1.388303;-7.593557;,
   15.741403;1.337780;-7.618666;,
   15.618418;1.018738;-7.813911;,
   15.695446;1.294378;-7.672114;,
   15.607059;1.081579;-7.808936;,
   15.652205;1.309134;-7.708661;,
   15.572520;1.125111;-7.841306;,
   15.588416;1.331666;-7.791614;,
   15.523746;1.160234;-7.906003;,
   15.546781;1.335283;-7.849614;,
   15.488645;1.172784;-7.964334;,
   15.565019;0.922733;-7.887279;,
   15.525829;0.939391;-7.928572;,
   15.472000;0.966600;-8.023199;,
   15.466774;0.922720;-8.026808;,
   15.435382;0.953414;-8.097678;,
   15.432578;0.935445;-8.107271;,
   15.457578;0.770039;-8.099362;,
   15.426238;0.767041;-8.180155;,
   15.494064;0.750816;-8.018340;,
   15.487227;-0.871776;-8.665336;,
   15.457126;-0.916282;-8.708854;,
   15.433574;-1.130557;-8.814804;,
   15.423603;-0.912735;-8.752443;,
   15.398957;-1.103245;-8.849806;,
   15.361114;-1.085466;-8.923640;,
   15.370266;-0.913000;-8.846730;,
   15.336109;-1.084043;-8.998732;,
   15.335925;-0.934871;-8.939122;,
   15.480226;-0.813621;-8.648010;,
   15.476821;-0.545150;-8.543347;,
   15.454715;-0.760245;-8.648393;,
   15.443298;-0.541603;-8.586938;,
   15.418653;-0.732113;-8.684301;,
   15.380810;-0.714334;-8.758135;,
   15.389960;-0.541877;-8.681228;,
   15.355619;-0.563739;-8.773615;,
   15.355803;-0.712911;-8.833226;,
   15.535904;0.568228;-8.046838;,
   15.517838;0.345451;-8.151512;,
   15.477736;0.381273;-8.187786;,
   15.502381;0.571784;-8.090423;,
   15.439891;0.399052;-8.261621;,
   15.449043;0.571509;-8.184714;,
   15.414701;0.549647;-8.277102;,
   15.414886;0.400475;-8.336712;,
   15.516210;0.197105;-8.212339;,
   15.519614;-0.071367;-8.317002;,
   15.496813;-0.022838;-8.317016;,
   15.482686;0.200652;-8.255930;,
   15.458042;0.010142;-8.353293;,
   15.420197;0.027920;-8.427127;,
   15.429349;0.200387;-8.350216;,
   15.395006;0.178515;-8.442608;,
   15.395192;0.029343;-8.502218;,
   15.476821;-0.545150;-8.543347;,
   15.536358;-0.497909;-8.695990;,
   15.443298;-0.541603;-8.586938;,
   15.584706;-0.494496;-8.669771;,
   15.506922;-0.500653;-8.499834;,
   15.614805;-0.450000;-8.626257;,
   15.499920;-0.442498;-8.482508;,
   15.607803;-0.391845;-8.608930;,
   15.583672;-0.340483;-8.608945;,
   15.475789;-0.391136;-8.482522;,
   15.438346;-0.360990;-8.518798;,
   15.531406;-0.317297;-8.627850;,
   15.449590;-0.320164;-8.650155;,
   15.400502;-0.343211;-8.592632;,
   15.375498;-0.341788;-8.667724;,
   15.439046;-0.518830;-8.738750;,
   15.389960;-0.541877;-8.681228;,
   15.355619;-0.563739;-8.773615;,
   15.429896;-0.691287;-8.815657;,
   15.418653;-0.732113;-8.684301;,
   15.380810;-0.714334;-8.758135;,
   15.511714;-0.688419;-8.793353;,
   15.562598;-0.709592;-8.774817;,
   15.454715;-0.760245;-8.648393;,
   15.588109;-0.762968;-8.774432;,
   15.480226;-0.813621;-8.648010;,
   15.595110;-0.821122;-8.791758;,
   15.487227;-0.871776;-8.665336;,
   15.565010;-0.865628;-8.835277;,
   15.457126;-0.916282;-8.708854;,
   15.516664;-0.869041;-8.861496;,
   15.423603;-0.912735;-8.752443;,
   15.419354;-0.889952;-8.904252;,
   15.370266;-0.913000;-8.846730;,
   15.335925;-0.934871;-8.939122;,
   15.355803;-0.712911;-8.833226;,
   15.398957;-1.103245;-8.849806;,
   15.541459;-1.079903;-8.941227;,
   15.433574;-1.130557;-8.814804;,
   15.568414;-1.134100;-8.939938;,
   15.460530;-1.184753;-8.813516;,
   15.575416;-1.192254;-8.957265;,
   15.467531;-1.242907;-8.830841;,
   15.545315;-1.236760;-9.000782;,
   15.437432;-1.287413;-8.874359;,
   15.496970;-1.240167;-9.026999;,
   15.403909;-1.283861;-8.917947;,
   15.399658;-1.261082;-9.069757;,
   15.350571;-1.284130;-9.012234;,
   15.316230;-1.305997;-9.104625;,
   15.492018;-1.059551;-8.958858;,
   15.410202;-1.062419;-8.981163;,
   15.361114;-1.085466;-8.923640;,
   15.336109;-1.084043;-8.998732;,
   15.379262;-1.474371;-9.015310;,
   15.520318;-1.450209;-9.107637;,
   15.412434;-1.500863;-8.981213;,
   15.548720;-1.505228;-9.105443;,
   15.440835;-1.555881;-8.979019;,
   15.555722;-1.563380;-9.122769;,
   15.447838;-1.614034;-8.996345;,
   15.525621;-1.607884;-9.166286;,
   15.417738;-1.658538;-9.039862;,
   15.477275;-1.611294;-9.192504;,
   15.384214;-1.654988;-9.083450;,
   15.379963;-1.632211;-9.235261;,
   15.330877;-1.655258;-9.177738;,
   15.296536;-1.677126;-9.270128;,
   15.472323;-1.430677;-9.124362;,
   15.390507;-1.433545;-9.146666;,
   15.341419;-1.456592;-9.089144;,
   15.316414;-1.455169;-9.164234;,
   15.359568;-1.845499;-9.180814;,
   15.370813;-1.804673;-9.312170;,
   15.452629;-1.801805;-9.289866;,
   15.321725;-1.827720;-9.254648;,
   15.296720;-1.826297;-9.329738;,
   15.396219;-1.873964;-9.144538;,
   15.504104;-1.823311;-9.270962;,
   15.529026;-1.876356;-9.270946;,
   15.421142;-1.927009;-9.144524;,
   15.536027;-1.934509;-9.288273;,
   15.428142;-1.985162;-9.161849;,
   15.505926;-1.979012;-9.331789;,
   15.398043;-2.029666;-9.205366;,
   15.457581;-1.982423;-9.358007;,
   15.364520;-2.026116;-9.248954;,
   15.360269;-2.003338;-9.400765;,
   15.311182;-2.026385;-9.343242;,
   15.276840;-2.048254;-9.435633;,
   15.351118;-2.175801;-9.477674;,
   15.302030;-2.198848;-9.420152;,
   15.277026;-2.197425;-9.495243;,
   15.339874;-2.216627;-9.346318;,
   15.432934;-2.172933;-9.455370;,
   15.376525;-2.245092;-9.310042;,
   15.484410;-2.194439;-9.436466;,
   15.509331;-2.247484;-9.436451;,
   15.401448;-2.298137;-9.310028;,
   15.516333;-2.305637;-9.453776;,
   15.408448;-2.356290;-9.327354;,
   15.486232;-2.350141;-9.497294;,
   15.378349;-2.400794;-9.370870;,
   15.437886;-2.353551;-9.523512;,
   15.344826;-2.397244;-9.414459;,
   15.340576;-2.374466;-9.566269;,
   15.291488;-2.397513;-9.508746;,
   15.257146;-2.419382;-9.601137;,
   15.356830;-2.616220;-9.475547;,
   15.413240;-2.544062;-9.620874;,
   15.464715;-2.565567;-9.601970;,
   15.489637;-2.618612;-9.601955;,
   15.381754;-2.669265;-9.475533;,
   15.496638;-2.676765;-9.619281;,
   15.388754;-2.727418;-9.492858;,
   15.466539;-2.721269;-9.662798;,
   15.358654;-2.771922;-9.536375;,
   15.247242;-2.780661;-9.634950;,
   15.355125;-2.730008;-9.761374;,
   15.272846;-2.769760;-9.787578;,
   15.219123;-2.794984;-9.724622;,
   15.237451;-2.790510;-9.766642;,
   15.320179;-2.587755;-9.511822;,
   15.331424;-2.546928;-9.643179;,
   15.282336;-2.569976;-9.585656;,
   15.257331;-2.568554;-9.660747;,
   14.701373;-3.960471;-11.076565;,
   14.612502;-3.885507;-11.022074;,
   14.705549;-3.881791;-11.041478;,
   14.608326;-3.964187;-11.057162;,
   14.501786;-3.990703;-10.985023;,
   14.505960;-3.912022;-10.949937;,
   14.620850;-3.856324;-10.992909;,
   14.518995;-3.881884;-10.923670;,
   14.406813;-3.958574;-10.833750;,
   14.402637;-4.037254;-10.868838;,
   14.414621;-4.076677;-10.877459;,
   14.366173;-4.121804;-10.770500;,
   14.352238;-4.084425;-10.757065;,
   14.356414;-4.005745;-10.721978;,
   14.422560;-3.927044;-10.810730;,
   14.443411;-3.911725;-10.791147;,
   14.536138;-3.868438;-10.899250;,
   14.631174;-3.844356;-10.964561;,
   14.707326;-3.852870;-11.010946;,
   14.774970;-3.862018;-10.998482;,
   14.708301;-3.841274;-10.980648;,
   14.768662;-3.849596;-10.969170;,
   14.817450;-3.872125;-10.980871;,
   14.778296;-3.891517;-11.028326;,
   14.774122;-3.970197;-11.063413;,
   14.699386;-4.002502;-11.077675;,
   14.612909;-4.005957;-11.059638;,
   14.511062;-4.031380;-10.990338;,
   14.525976;-4.059943;-10.984651;,
   14.433250;-4.103230;-10.876549;,
   14.387597;-4.145453;-10.776436;,
   14.368416;-4.157898;-10.689830;,
   14.354658;-4.123260;-10.670267;,
   14.358832;-4.044580;-10.635181;,
   14.374114;-3.972171;-10.703771;,
   14.397760;-3.953948;-10.691034;,
   14.399760;-3.986140;-10.619086;,
   14.376357;-4.008266;-10.623102;,
   14.390890;-4.073412;-10.574345;,
   14.386715;-4.152092;-10.609432;,
   14.422459;-4.090974;-10.538718;,
   14.418283;-4.169654;-10.573806;,
   14.614987;-4.242019;-10.434942;,
   14.619162;-4.163339;-10.399854;,
   14.435710;-4.051358;-10.533533;,
   14.631048;-4.123165;-10.395757;,
   14.646406;-4.095540;-10.403116;,
   14.918549;-4.218984;-10.158689;,
   14.903190;-4.246610;-10.151327;,
   14.989466;-4.259606;-10.076037;,
   14.974107;-4.287231;-10.068677;,
   15.077685;-4.322713;-9.945022;,
   15.056326;-4.347133;-9.944138;,
   15.040230;-4.385054;-9.952782;,
   14.962221;-4.327404;-10.072776;,
   14.891304;-4.286783;-10.155426;,
   14.887130;-4.365463;-10.190514;,
   14.958046;-4.406084;-10.107862;,
   14.966165;-4.436864;-10.135406;,
   15.044174;-4.494514;-10.015414;,
   15.036054;-4.463735;-9.987870;,
