xof 0303txt 0032
template ColorRGBA {
 <35ff44e0-6c7c-11cf-8f52-0040333594a3>
 FLOAT red;
 FLOAT green;
 FLOAT blue;
 FLOAT alpha;
}

template ColorRGB {
 <d3e16e81-7835-11cf-8f52-0040333594a3>
 FLOAT red;
 FLOAT green;
 FLOAT blue;
}

template Material {
 <3d82ab4d-62da-11cf-ab39-0020af71e433>
 ColorRGBA faceColor;
 FLOAT power;
 ColorRGB specularColor;
 ColorRGB emissiveColor;
 [...]
}

template TextureFilename {
 <a42790e1-7810-11cf-8f52-0040333594a3>
 STRING filename;
}

template Frame {
 <3d82ab46-62da-11cf-ab39-0020af71e433>
 [...]
}

template Matrix4x4 {
 <f6f23f45-7686-11cf-8f52-0040333594a3>
 array FLOAT matrix[16];
}

template FrameTransformMatrix {
 <f6f23f41-7686-11cf-8f52-0040333594a3>
 Matrix4x4 frameMatrix;
}

template Vector {
 <3d82ab5e-62da-11cf-ab39-0020af71e433>
 FLOAT x;
 FLOAT y;
 FLOAT z;
}

template MeshFace {
 <3d82ab5f-62da-11cf-ab39-0020af71e433>
 DWORD nFaceVertexIndices;
 array DWORD faceVertexIndices[nFaceVertexIndices];
}

template Mesh {
 <3d82ab44-62da-11cf-ab39-0020af71e433>
 DWORD nVertices;
 array Vector vertices[nVertices];
 DWORD nFaces;
 array MeshFace faces[nFaces];
 [...]
}

template MeshMaterialList {
 <f6f23f42-7686-11cf-8f52-0040333594a3>
 DWORD nMaterials;
 DWORD nFaceIndexes;
 array DWORD faceIndexes[nFaceIndexes];
 [Material <3d82ab4d-62da-11cf-ab39-0020af71e433>]
}

template VertexElement {
 <f752461c-1e23-48f6-b9f8-8350850f336f>
 DWORD Type;
 DWORD Method;
 DWORD Usage;
 DWORD UsageIndex;
}

template DeclData {
 <bf22e553-292c-4781-9fea-62bd554bdd93>
 DWORD nElements;
 array VertexElement Elements[nElements];
 DWORD nDWords;
 array DWORD data[nDWords];
}

template XSkinMeshHeader {
 <3cf169ce-ff7c-44ab-93c0-f78f62d172e2>
 WORD nMaxSkinWeightsPerVertex;
 WORD nMaxSkinWeightsPerFace;
 WORD nBones;
}

template SkinWeights {
 <6f0d123b-bad2-4167-a0d0-80224f25fabb>
 STRING transformNodeName;
 DWORD nWeights;
 array DWORD vertexIndices[nWeights];
 array FLOAT weights[nWeights];
 Matrix4x4 matrixOffset;
}

template AnimTicksPerSecond {
 <9e415a43-7ba6-4a73-8743-b73d47e88476>
 DWORD AnimTicksPerSecond;
}

template Animation {
 <3d82ab4f-62da-11cf-ab39-0020af71e433>
 [...]
}

template AnimationSet {
 <3d82ab50-62da-11cf-ab39-0020af71e433>
 [Animation <3d82ab4f-62da-11cf-ab39-0020af71e433>]
}

template FloatKeys {
 <10dd46a9-775b-11cf-8f52-0040333594a3>
 DWORD nValues;
 array FLOAT values[nValues];
}

template TimedFloatKeys {
 <f406b180-7b3b-11cf-8f52-0040333594a3>
 DWORD time;
 FloatKeys tfkeys;
}

template AnimationKey {
 <10dd46a8-775b-11cf-8f52-0040333594a3>
 DWORD keyType;
 DWORD nKeys;
 array TimedFloatKeys keys[nKeys];
}


Material Material__115 {
 1.000000;1.000000;1.000000;1.000000;;
 10.000000;
 0.000000;0.000000;0.000000;;
 0.000000;0.000000;0.000000;;

 TextureFilename {
  "Shotgun_D.tga";
 }
}

Material Material__117 {
 1.000000;1.000000;1.000000;1.000000;;
 10.000000;
 0.000000;0.000000;0.000000;;
 0.000000;0.000000;0.000000;;

 TextureFilename {
  "hands_1stP_military_diff_2.tga";
 }
}

Frame SceneRoot {
 

 FrameTransformMatrix {
  1.000000,0.000000,0.000000,0.000000,0.000000,1.000000,0.000000,0.000000,0.000000,0.000000,1.000000,0.000000,0.000000,0.000000,0.000000,1.000000;;
 }

 Frame RootBone {
  

  FrameTransformMatrix {
   0.800000,0.000000,0.000000,0.000000,0.000000,0.800000,0.000000,0.000000,0.000000,0.000000,0.800000,0.000000,2.798775,0.003192,-1.968951,1.000000;;
  }

  Frame Hands_Hub01 {
   

   FrameTransformMatrix {
    0.000000,1.000000,-0.000000,0.000000,0.000001,0.000000,1.000000,0.000000,1.000000,-0.000000,-0.000001,0.000000,-16.293411,-1.446245,2.690252,1.000000;;
   }

   Frame Hands_LArmCollarbone {
    

    FrameTransformMatrix {
     -0.573473,0.667222,0.475337,0.000000,-0.781810,-0.619083,-0.074223,0.000000,0.244750,-0.414188,0.876668,0.000000,0.550024,0.782969,6.584864,1.000000;;
    }

    Frame Hands_LArm1 {
     

     FrameTransformMatrix {
      0.656937,0.357943,0.663560,0.000000,-0.154369,0.925328,-0.346320,0.000000,-0.737974,0.125077,0.663137,0.000000,7.387081,0.000001,0.000002,1.000000;;
     }

     Frame Hands_LArm2 {
      

      FrameTransformMatrix {
       0.357326,-0.514381,0.779571,0.000000,0.457496,0.824080,0.334051,0.000000,-0.814258,0.237285,0.529792,0.000000,15.749219,-0.000001,-0.000001,1.000000;;
      }

      Frame Hands_LArmPalm {
       

       FrameTransformMatrix {
        0.771681,0.566298,-0.289506,0.000000,0.092059,-0.549852,-0.830173,0.000000,-0.629311,0.613978,-0.476444,0.000000,13.645376,-0.000001,0.000000,1.000000;;
       }

       Frame Hands_LArmThumb1 {
        

        FrameTransformMatrix {
         0.714759,0.640967,-0.279787,0.000000,-0.055625,-0.346687,-0.936330,0.000000,-0.697156,0.684813,-0.212144,0.000000,1.025019,0.149490,-1.053122,1.000000;;
        }

        Frame Hands_LArmThumb2 {
         

         FrameTransformMatrix {
          0.906570,0.092866,-0.411713,0.000000,-0.076523,0.995492,0.056043,0.000000,0.415061,-0.019301,0.909589,0.000000,2.997648,-0.000001,0.000000,1.000000;;
         }

         Frame Hands_LArmThumb3 {
          

          FrameTransformMatrix {
           0.962890,-0.008487,0.269759,0.000000,0.007562,0.999961,0.004470,0.000000,-0.269786,-0.002264,0.962918,0.000000,1.568378,0.000000,-0.000000,1.000000;;
          }
         }
        }
       }

       Frame Hands_LArmFinger11 {
        

        FrameTransformMatrix {
         0.707114,-0.395563,-0.586105,0.000000,0.284355,0.917986,-0.276485,0.000000,0.647404,0.028844,0.761601,0.000000,4.651287,1.298330,-0.184426,1.000000;;
        }

        Frame Hands_LArmFinger12 {
         

         FrameTransformMatrix {
          0.461997,0.082262,-0.883058,0.000000,0.024147,0.994153,0.105244,0.000000,0.886553,-0.069946,0.457310,0.000000,1.967896,0.000000,-0.000004,1.000000;;
         }

         Frame Hands_LArmFinger13 {
          

          FrameTransformMatrix {
           0.800038,-0.018378,-0.599668,0.000000,0.021865,0.999760,-0.001469,0.000000,0.599551,-0.011937,0.800248,0.000000,1.282021,0.000004,0.000000,1.000000;;
          }
         }
        }
       }

       Frame Hands_LArmFinger21 {
        

        FrameTransformMatrix {
         0.604592,-0.303469,-0.736461,0.000000,0.218310,0.952308,-0.213192,0.000000,0.766035,-0.031882,0.642008,0.000000,4.644100,0.310958,0.107953,1.000000;;
        }

        Frame Hands_LArmFinger22 {
         

         FrameTransformMatrix {
          0.202634,-0.020651,-0.979037,0.000000,0.041156,0.999074,-0.012556,0.000000,0.978389,-0.037749,0.203296,0.000000,2.267685,-0.000002,0.000000,1.000000;;
         }

         Frame Hands_LArmFinger23 {
          

          FrameTransformMatrix {
           0.937753,0.042024,-0.344751,0.000000,-0.048761,0.998751,-0.010888,0.000000,0.343863,0.027020,0.938631,0.000000,1.357072,0.000000,0.000000,1.000000;;
          }
         }
        }
       }

       Frame Hands_LArmFinger31 {
        

        FrameTransformMatrix {
         0.991076,-0.133182,-0.005663,0.000000,0.133258,0.990947,0.016352,0.000000,0.003434,-0.016961,0.999850,0.000000,0.370752,-0.194490,0.112025,1.000000;;
        }

        Frame Hands_LArmFinger32 {
         

         FrameTransformMatrix {
          0.370490,-0.211892,-0.904345,0.000000,0.107125,0.976882,-0.185002,0.000000,0.922639,-0.028336,0.384624,0.000000,4.166521,-0.000002,0.000001,1.000000;;
         }

         Frame Hands_LArmFinger33 {
          

          FrameTransformMatrix {
           0.340898,0.024766,-0.939774,0.000000,-0.068006,0.997684,0.001623,0.000000,0.937637,0.063357,0.341793,0.000000,2.171416,0.000002,-0.000002,1.000000;;
          }

          Frame Hands_LArmFinger34 {
           

           FrameTransformMatrix {
            0.861976,0.008760,-0.506873,0.000000,-0.008713,0.999959,0.002463,0.000000,0.506874,0.002293,0.862017,0.000000,1.301951,-0.000001,0.000001,1.000000;;
           }
          }
         }
        }
       }

       Frame Hands_LArmFinger41 {
        

        FrameTransformMatrix {
         0.949072,-0.301639,-0.090982,0.000000,0.307962,0.949121,0.065791,0.000000,0.066508,-0.090459,0.993677,0.000000,0.379576,-0.407065,0.157657,1.000000;;
        }

        Frame Hands_LArmFinger42 {
         

         FrameTransformMatrix {
          0.046737,-0.211756,-0.976204,0.000000,-0.057805,0.975061,-0.214275,0.000000,0.997233,0.066444,0.033331,0.000000,3.826998,0.000000,0.000000,1.000000;;
         }

         Frame Hands_LArmFinger43 {
          

          FrameTransformMatrix {
           0.744065,0.124255,-0.656451,0.000000,-0.157151,0.987536,0.008798,0.000000,0.649362,0.096616,0.754317,0.000000,1.617777,0.000002,-0.000002,1.000000;;
          }

          Frame Hands_LArmFinger44 {
           

           FrameTransformMatrix {
            0.647372,-0.013882,-0.762048,0.000000,0.029294,0.999549,0.006677,0.000000,0.761611,-0.026646,0.647486,0.000000,1.026682,0.000000,-0.000001,1.000000;;
           }
          }
         }
        }
       }

       Frame Hands_LPalm_morph {
        

        FrameTransformMatrix {
         1.000000,-0.000000,0.000000,0.000000,-0.000000,1.000000,0.000000,0.000000,0.000000,-0.000000,1.000000,0.000000,0.000000,0.000001,2.736036,1.000000;;
        }
       }
      }

      Frame Hands_Lwrist {
       

       FrameTransformMatrix {
        1.000000,0.000000,0.000000,0.000000,0.000000,-0.412459,0.910976,0.000000,0.000000,-0.910977,-0.412459,0.000000,12.667589,-0.000001,0.000000,1.000000;;
       }
      }

      Frame Hands_LSleeve {
       

       FrameTransformMatrix {
        1.000000,-0.000000,-0.000000,0.000000,0.000000,1.000000,0.000000,0.000000,-0.000000,0.000000,1.000000,0.000000,11.831044,-0.149415,-0.415590,1.000000;;
       }
      }
     }
    }
   }

   Frame Hands_RArmCollarbone {
    

    FrameTransformMatrix {
     0.159766,-0.959312,-0.232801,0.000000,0.972180,0.193827,-0.131522,0.000000,0.171293,-0.205312,0.963590,0.000000,0.550024,-0.782968,6.584866,1.000000;;
    }

    Frame Hands_RArm1 {
     

     FrameTransformMatrix {
      -0.138316,-0.926214,-0.350707,0.000000,0.310674,-0.376814,0.872635,0.000000,-0.940399,0.011744,0.339871,0.000000,7.387084,-0.000000,-0.000001,1.000000;;
     }

     Frame Hands_RArm2 {
      

      FrameTransformMatrix {
       -0.687155,0.449897,0.570448,0.000000,-0.416411,0.399517,-0.816693,0.000000,-0.595332,-0.798736,-0.087189,0.000000,15.749218,0.000002,0.000000,1.000000;;
      }

      Frame Hands_RArmPalm {
       

       FrameTransformMatrix {
        0.932711,-0.109712,-0.343532,0.000000,-0.349171,-0.512923,-0.784213,0.000000,-0.090168,0.851395,-0.516717,0.000000,13.645376,0.000000,-0.000001,1.000000;;
       }

       Frame Hands_RArmThumb1 {
        

        FrameTransformMatrix {
         0.775424,-0.476670,-0.414131,0.000000,0.338064,-0.240544,0.909863,0.000000,-0.533321,-0.845532,-0.025378,0.000000,1.025019,-0.149492,-1.053122,1.000000;;
        }

        Frame Hands_RArmThumb2 {
         

         FrameTransformMatrix {
          0.642238,-0.050052,-0.764870,0.000000,0.115202,0.992834,0.031762,0.000000,0.757799,-0.108513,0.643402,0.000000,2.997645,-0.000000,0.000000,1.000000;;
         }

         Frame Hands_RArmThumb3 {
          

          FrameTransformMatrix {
           0.801251,0.008446,-0.598269,0.000000,-0.008211,0.999962,0.003121,0.000000,0.598272,0.002412,0.801289,0.000000,1.568377,-0.000000,-0.000000,1.000000;;
          }
         }
        }
       }

       Frame Hands_RArmFinger11 {
        

        FrameTransformMatrix {
         0.940346,-0.131435,0.313806,0.000000,0.072889,0.978776,0.191533,0.000000,-0.332320,-0.157235,0.929968,0.000000,4.651290,-1.298333,-0.184424,1.000000;;
        }

        Frame Hands_RArmFinger12 {
         

         FrameTransformMatrix {
          0.391703,0.007300,-0.920063,0.000000,-0.022303,0.999750,-0.001563,0.000000,0.919822,0.021132,0.391768,0.000000,1.967897,0.000000,-0.000000,1.000000;;
         }

         Frame Hands_RArmFinger13 {
          

          FrameTransformMatrix {
           0.660446,0.015547,-0.750713,0.000000,-0.021865,0.999760,0.001469,0.000000,0.750555,0.015444,0.660627,0.000000,1.282020,0.000000,0.000000,1.000000;;
          }
         }
        }
       }

       Frame Hands_RArmFinger21 {
        

        FrameTransformMatrix {
         0.482887,0.114541,-0.868159,0.000000,-0.253608,0.967214,-0.013452,0.000000,0.838155,0.226668,0.496103,0.000000,4.644096,-0.310960,0.107953,1.000000;;
        }

        Frame Hands_RArmFinger22 {
         

         FrameTransformMatrix {
          -0.164858,0.005604,-0.986301,0.000000,-0.041156,0.999074,0.012556,0.000000,0.985458,0.042662,-0.164475,0.000000,2.267685,0.000000,0.000000,1.000000;;
         }

         Frame Hands_RArmFinger23 {
          

          FrameTransformMatrix {
           0.831004,-0.034518,-0.555195,0.000000,0.048761,0.998751,0.010888,0.000000,0.554126,-0.036120,0.831649,0.000000,1.357072,0.000000,0.000000,1.000000;;
          }
         }
        }
       }

       Frame Hands_RArmFinger31 {
        

        FrameTransformMatrix {
         0.991076,0.133181,-0.005663,0.000000,-0.133258,0.990947,-0.016352,0.000000,0.003434,0.016961,0.999850,0.000000,0.370754,0.194487,0.112023,1.000000;;
        }

        Frame Hands_RArmFinger32 {
         

         FrameTransformMatrix {
          0.290145,0.012219,-0.956905,0.000000,-0.254443,0.964912,-0.064829,0.000000,0.922537,0.262288,0.283074,0.000000,4.166522,0.000000,0.000000,1.000000;;
         }

         Frame Hands_RArmFinger33 {
          

          FrameTransformMatrix {
           -0.233430,0.014330,-0.972268,0.000000,0.068006,0.997684,-0.001623,0.000000,0.969993,-0.066499,-0.233863,0.000000,2.171416,0.000000,0.000000,1.000000;;
          }

          Frame Hands_RArmFinger34 {
           

           FrameTransformMatrix {
            0.969586,-0.007103,-0.244646,0.000000,0.005513,0.999959,-0.007183,0.000000,0.244687,0.005616,0.969586,0.000000,1.301954,0.000000,0.000000,1.000000;;
           }
          }
         }
        }
       }

       Frame Hands_RArmFinger41 {
        

        FrameTransformMatrix {
         0.949071,0.301639,-0.090982,0.000000,-0.307962,0.949121,-0.065791,0.000000,0.066508,0.090459,0.993677,0.000000,0.379578,0.407062,0.157656,1.000000;;
        }

        Frame Hands_RArmFinger42 {
         

         FrameTransformMatrix {
          0.364140,0.092909,-0.926698,0.000000,-0.166522,0.985473,0.033368,0.000000,0.916336,0.142165,0.374322,0.000000,3.826997,0.000000,0.000000,1.000000;;
         }

         Frame Hands_RArmFinger43 {
          

          FrameTransformMatrix {
           -0.080210,0.003883,-0.996770,0.000000,0.157151,0.987535,-0.008799,0.000000,0.984312,-0.157349,-0.079821,0.000000,1.617777,0.000000,0.000001,1.000000;;
          }

          Frame Hands_RArmFinger44 {
           

           FrameTransformMatrix {
            0.969851,0.073740,-0.232277,0.000000,-0.080167,0.996613,-0.018338,0.000000,0.230138,0.036406,0.972477,0.000000,1.026681,0.000000,0.000000,1.000000;;
           }
          }
         }
        }
       }

       Frame Hands_RPalm_morph {
        

        FrameTransformMatrix {
         1.000000,0.000000,-0.000000,0.000000,0.000000,1.000000,0.000000,0.000000,0.000000,0.000000,1.000000,0.000000,0.000000,-0.000000,2.736037,1.000000;;
        }
       }
      }

      Frame Hands_R_wrist {
       

       FrameTransformMatrix {
        1.000000,0.000000,-0.000000,0.000000,-0.000000,0.866025,-0.500000,0.000000,-0.000000,0.500000,0.866025,0.000000,12.667593,0.000000,-0.000001,1.000000;;
       }
      }

      Frame Hands_R_Sleeve {
       

       FrameTransformMatrix {
        1.000000,0.000000,0.000000,0.000000,0.000000,1.000000,0.000000,0.000000,-0.000000,-0.000000,1.000000,0.000000,11.831047,-0.000000,-0.000001,1.000000;;
       }
      }
     }
    }
   }
  }

  Frame Shotgun {
   

   FrameTransformMatrix {
    1.000000,0.000000,0.000000,0.000000,0.000000,1.000000,0.000000,0.000000,0.000000,0.000000,1.000000,0.000000,0.595214,-3.847534,0.038177,1.000000;;
   }

   Frame tip {
    

    FrameTransformMatrix {
     1.000000,0.000000,0.000000,0.000000,0.000000,1.000000,0.000000,0.000000,0.000000,0.000000,1.000000,0.000000,33.172416,2.319969,0.000000,1.000000;;
    }
   }

   Frame Pump_Handle {
    

    FrameTransformMatrix {
     1.000000,0.000000,0.000000,0.000000,0.000000,1.000000,0.000000,0.000000,0.000000,0.000000,1.000000,0.000000,20.775299,-0.375118,-0.042902,1.000000;;
    }

    Frame LightBone {
     

     FrameTransformMatrix {
      1.000000,0.000000,0.000000,0.000000,0.000000,1.000000,0.000000,0.000000,0.000000,0.000000,1.000000,0.000000,8.044516,-0.794328,0.042902,1.000000;;
     }
    }
   }

   Frame Trigger {
    

    FrameTransformMatrix {
     1.000000,0.000000,0.000000,0.000000,0.000000,1.000000,0.000000,0.000000,0.000000,0.000000,1.000000,0.000000,3.014468,0.096404,-0.039296,1.000000;;
    }
   }

   Frame Charging_Handle {
    

    FrameTransformMatrix {
     1.000000,0.000000,0.000000,0.000000,0.000000,1.000000,0.000000,0.000000,0.000000,0.000000,1.000000,0.000000,10.195776,2.094423,-0.834421,1.000000;;
    }
   }

   Frame bullet_Shell {
    

    FrameTransformMatrix {
     1.000000,0.000000,0.000000,0.000000,0.000000,1.000000,0.000000,0.000000,0.000000,0.000000,1.000000,0.000000,0.000000,0.000000,0.000000,1.000000;;
    }
   }

   Frame Shell_Feeder {
    

    FrameTransformMatrix {
     1.000000,0.000000,0.000000,0.000000,0.000000,1.000000,0.000000,0.000000,0.000000,0.000000,1.000000,0.000000,6.543160,0.171341,-0.039297,1.000000;;
    }
   }
  }
 }

 Frame Shotgun_Trip {
  

  FrameTransformMatrix {
   1.000000,0.000000,0.000000,0.000000,0.000000,1.000000,0.000000,0.000000,0.000000,0.000000,1.000000,0.000000,0.000000,0.000000,0.000000,1.000000;;
  }

  Mesh Shotgun_Trip {
   7333;
   4.423642;-0.019542;-0.133956;,
   4.768898;-0.045816;-0.125421;,
   4.423642;-0.045816;-0.125421;,
   4.768898;-0.045816;-0.125421;,
   4.768898;-0.019542;-0.133956;,
   4.423642;0.007932;-0.136842;,
   4.768898;-0.019542;-0.133956;,
   4.768898;0.007932;-0.136842;,
   4.423642;0.035394;-0.133956;,
   4.768898;0.035394;-0.133956;,
   4.423642;0.061668;-0.125421;,
   4.768898;0.035394;-0.133956;,
   4.768898;0.061668;-0.125421;,
   4.423642;0.085591;-0.111610;,
   4.768898;0.085590;-0.111610;,
   4.423642;0.106112;-0.093128;,
   4.768898;0.106112;-0.093128;,
   4.423642;0.122345;-0.070782;,
   4.768898;0.122345;-0.070782;,
   4.423642;0.133585;-0.045549;,
   4.768898;0.122345;-0.070782;,
   4.768898;0.133585;-0.045549;,
   4.423642;0.139327;-0.018532;,
   4.768898;0.139327;-0.018532;,
   4.423642;0.139327;0.009089;,
   4.768898;0.139327;0.009089;,
   4.423642;0.133585;0.036106;,
   4.768898;0.133585;0.036106;,
   4.423642;0.122345;0.061339;,
   4.768898;0.122345;0.061339;,
   4.423642;0.106112;0.083684;,
   4.768898;0.106112;0.083684;,
   4.423642;0.085591;0.102166;,
   4.768898;0.085590;0.102166;,
   4.423642;0.061668;0.115977;,
   4.768898;0.061668;0.115977;,
   4.423642;0.035394;0.124512;,
   4.768898;0.061668;0.115977;,
   4.768898;0.035394;0.124512;,
   4.423642;0.007932;0.127399;,
   4.768898;0.007932;0.127399;,
   4.423642;-0.019542;0.124512;,
   4.768898;-0.019542;0.124512;,
   4.423642;-0.045816;0.115977;,
   4.768898;-0.045816;0.115977;,
   4.423642;-0.069727;0.102166;,
   4.768898;-0.069727;0.102166;,
   4.423642;-0.090261;0.083684;,
   4.768898;-0.090261;0.083684;,
   4.423642;-0.106493;0.061339;,
   4.768898;-0.106493;0.061339;,
   4.423642;-0.117722;0.036106;,
   4.768898;-0.117723;0.036106;,
   4.423642;-0.123475;0.009089;,
   4.768898;-0.123476;0.009089;,
   4.768898;-0.069727;-0.111610;,
   4.423642;-0.069727;-0.111610;,
   4.768898;-0.090261;-0.093128;,
   4.423642;-0.090261;-0.093128;,
   4.768898;-0.106493;-0.070782;,
   4.423642;-0.106493;-0.070782;,
   4.768898;-0.117723;-0.045549;,
   4.423642;-0.117722;-0.045549;,
   4.768898;-0.123476;-0.018532;,
   4.423642;-0.123475;-0.018532;,
   4.768898;-0.123476;0.009089;,
   4.423642;-0.123475;0.009089;,
   5.013290;-0.055086;0.120087;,
   4.433246;-0.075135;0.145650;,
   5.013290;-0.075135;0.145650;,
   5.265486;-0.193491;0.145650;,
   4.433246;-0.193491;0.145650;,
   5.013290;-0.075135;0.145650;,
   5.265486;-0.193491;0.145650;,
   4.433246;-0.055086;0.120087;,
   5.013290;-0.108073;-0.004722;,
   4.433246;-0.108073;-0.004722;,
   5.013290;-0.055086;-0.129531;,
   4.433246;-0.055086;-0.129531;,
   5.013290;-0.075135;-0.155094;,
   4.433246;-0.075135;-0.155094;,
   5.265486;-0.193491;-0.155094;,
   4.433246;-0.193491;-0.155094;,
   5.265486;-0.193491;-0.155094;,
   31.299293;-0.223558;-0.050004;,
   31.735200;-0.013558;-0.050004;,
   32.308074;-0.223558;-0.050004;,
   31.497475;-0.013558;-0.050004;,
   31.299293;-0.403075;-0.172251;,
   32.376557;-0.403075;-0.172251;,
   32.376557;-0.448107;-0.172251;,
   31.299293;-0.448107;-0.172251;,
   31.299293;-0.478740;-0.149634;,
   32.376557;-0.478740;-0.149634;,
   32.308074;-0.223558;-0.050004;,
   31.735200;-0.013558;0.040563;,
   32.308074;-0.223558;0.040563;,
   31.735200;-0.013558;-0.050004;,
   31.497475;-0.013558;0.040563;,
   31.497475;-0.013558;-0.050004;,
   31.299293;-0.223558;0.040563;,
   31.299293;-0.223558;-0.050004;,
   31.299293;-0.403075;0.162810;,
   31.299293;-0.403075;-0.172251;,
   31.299293;-0.448107;-0.172251;,
   31.299293;-0.448107;0.162810;,
   31.299293;-0.478740;0.140192;,
   31.299293;-0.478740;-0.149634;,
   32.376557;-0.403075;-0.172251;,
   32.376557;-0.403075;0.162810;,
   32.376557;-0.448107;-0.172251;,
   32.376557;-0.448107;0.162810;,
   32.376557;-0.478740;-0.149634;,
   32.376557;-0.478740;0.140192;,
   32.308074;-0.223558;0.040563;,
   31.497475;-0.013558;0.040563;,
   31.299293;-0.223558;0.040563;,
   31.735200;-0.013558;0.040563;,
   32.376557;-0.403075;0.162810;,
   31.299293;-0.403075;0.162810;,
   31.299293;-0.448107;0.162810;,
   32.376557;-0.448107;0.162810;,
   32.376557;-0.478740;0.140192;,
   31.299293;-0.478740;0.140192;,
   5.013290;-0.108073;-0.004722;,
   5.265486;-0.193491;-0.155094;,
   5.013290;-0.055086;-0.129531;,
   5.265486;-0.193491;0.145650;,
   5.013290;-0.055086;0.120087;,
   4.433246;-0.193491;0.145650;,
   4.433246;-0.075135;0.145650;,
   4.433246;-0.055086;0.120087;,
   4.433246;-0.108073;-0.004722;,
   4.433246;-0.193491;-0.155094;,
   4.433246;-0.055086;-0.129531;,
   4.433246;-0.075135;-0.155094;,
   6.656165;-0.035590;-0.511036;,
   6.922771;-0.518365;-0.511036;,
   5.870755;-0.028385;-0.511036;,
   3.835169;-0.316608;-0.511036;,
   5.589737;0.014849;-0.511036;,
   3.972076;-0.089638;-0.511036;,
   5.348356;0.122933;-0.511036;,
   4.184647;0.162558;-0.511036;,
   5.124982;0.288661;-0.511036;,
   4.343285;0.334201;-0.511036;,
   5.006304;0.412736;-0.511036;,
   4.483154;0.444095;-0.511036;,
   4.912792;0.475431;-0.511036;,
   4.598328;0.508069;-0.511036;,
   4.669221;0.526446;-0.511036;,
   4.782710;0.526446;-0.511036;,
   6.735426;-0.057207;-0.511036;,
   3.766723;-0.518365;-0.511036;,
   3.766723;-0.640191;-0.488530;,
   6.922771;-0.640191;-0.488529;,
   3.766723;-0.749589;-0.414219;,
   6.922771;-0.749589;-0.414219;,
   3.766723;-0.779599;-0.341650;,
   6.922771;-0.779599;-0.341650;,
   4.423642;-0.045816;-0.125421;,
   4.423642;-0.013304;-0.104613;,
   4.423642;-0.019542;-0.133956;,
   4.423642;-0.033607;-0.098016;,
   4.423642;-0.069727;-0.111610;,
   4.423642;-0.052099;-0.087341;,
   4.423642;-0.090261;-0.093128;,
   4.423642;-0.067964;-0.073055;,
   4.423642;-0.106493;-0.070782;,
   4.423642;-0.080518;-0.055783;,
   4.423642;-0.117722;-0.045549;,
   4.423642;-0.089200;-0.036280;,
   4.423642;-0.123475;-0.018532;,
   4.423642;-0.093638;-0.015397;,
   4.423642;-0.123475;0.009089;,
   4.423642;-0.093638;0.005953;,
   4.423642;-0.117722;0.036106;,
   4.423642;-0.089200;0.026836;,
   4.423642;-0.106493;0.061339;,
   4.423642;-0.080518;0.046340;,
   4.423642;-0.090261;0.083684;,
   4.423642;-0.067964;0.063612;,
   4.423642;-0.069727;0.102166;,
   4.423642;-0.052099;0.077897;,
   4.423642;-0.045816;0.115977;,
   4.423642;-0.033607;0.088572;,
   4.423642;-0.019542;0.124512;,
   4.423642;-0.013304;0.095169;,
   4.423642;0.007932;0.127399;,
   4.423642;0.007932;0.097401;,
   4.423642;0.035394;0.124512;,
   4.423642;0.029156;0.095169;,
   4.423642;0.061668;0.115977;,
   4.423642;0.049459;0.088572;,
   4.423642;0.085591;0.102166;,
   4.423642;0.067951;0.077897;,
   4.423642;0.106112;0.083684;,
   4.423642;0.083815;0.063612;,
   4.423642;0.122345;0.061339;,
   4.423642;0.096370;0.046340;,
   4.423642;0.133585;0.036106;,
   4.423642;0.105052;0.026836;,
   4.423642;0.139327;0.009089;,
   4.423642;0.109490;0.005953;,
   4.423642;0.139327;-0.018532;,
   4.423642;0.109490;-0.015397;,
   4.423642;0.133585;-0.045549;,
   4.423642;0.105052;-0.036280;,
   4.423642;0.122345;-0.070782;,
   4.423642;0.096370;-0.055783;,
   4.423642;0.106112;-0.093128;,
   4.423642;0.083815;-0.073055;,
   4.423642;0.085591;-0.111610;,
   4.423642;0.067951;-0.087341;,
   4.423642;0.061668;-0.125421;,
   4.423642;0.049459;-0.098016;,
   4.423642;0.035394;-0.133956;,
   4.423642;0.029156;-0.104613;,
   4.423642;0.007932;-0.136842;,
   4.423642;0.007932;-0.106845;,
   5.870755;-0.028385;-0.511036;,
   5.589737;0.014849;-0.410465;,
   5.870755;-0.028385;-0.410465;,
   5.589737;0.014849;-0.511036;,
   5.348356;0.122933;-0.410465;,
   5.348356;0.122933;-0.511036;,
   5.124982;0.288661;-0.410465;,
   5.124982;0.288661;-0.511036;,
   5.006304;0.412736;-0.511036;,
   5.006304;0.412736;-0.410465;,
   4.912792;0.475431;-0.410465;,
   4.912792;0.475431;-0.511036;,
   4.782710;0.526446;-0.511036;,
   4.782710;0.526446;-0.410465;,
   4.669221;0.526446;-0.511036;,
   4.669221;0.526446;-0.410465;,
   4.598328;0.508069;-0.410465;,
   4.598328;0.508069;-0.511036;,
   4.483154;0.444095;-0.410465;,
   4.483154;0.444095;-0.511036;,
   4.343285;0.334201;-0.410465;,
   4.343285;0.334201;-0.511036;,
   4.184647;0.162558;-0.511036;,
   4.190204;0.168576;-0.410465;,
   4.184647;0.162558;-0.410465;,
   3.972076;-0.089638;-0.511036;,
   3.972076;-0.089638;-0.410465;,
   3.835169;-0.316608;-0.410465;,
   3.835169;-0.316608;-0.511036;,
   3.766723;-0.518365;-0.511036;,
   3.780615;-0.477426;-0.410465;,
   3.766723;-0.518365;-0.367231;,
   3.766723;-0.640191;-0.488530;,
   3.766723;-0.518365;0.357787;,
   3.766723;-0.518365;0.501593;,
   3.780615;-0.477426;0.401021;,
   3.835181;-0.316608;0.501593;,
   3.835181;-0.316608;0.401021;,
   3.972088;-0.089638;0.401021;,
   3.972088;-0.089638;0.501593;,
   4.184647;0.162558;0.401021;,
   4.184647;0.162558;0.501593;,
   4.343285;0.334201;0.401021;,
   4.343285;0.334201;0.501593;,
   4.483154;0.444095;0.401021;,
   4.483154;0.444095;0.501593;,
   4.598328;0.508069;0.501593;,
   4.598328;0.508069;0.401021;,
   4.669221;0.526446;0.401021;,
   4.669221;0.526446;0.501593;,
   4.782710;0.526446;0.401021;,
   4.782710;0.526446;0.501593;,
   4.912792;0.475431;0.401021;,
   4.912792;0.475431;0.501593;,
   5.006304;0.412736;0.401021;,
   5.006304;0.412736;0.501593;,
   5.124982;0.288661;0.401021;,
   5.124982;0.288661;0.501593;,
   5.348356;0.122933;0.501593;,
   5.124982;0.288661;0.401021;,
   5.348356;0.122933;0.401021;,
   5.589737;0.014849;0.501593;,
   5.589737;0.014849;0.401021;,
   5.870755;-0.028385;0.501593;,
   5.870755;-0.028385;0.401021;,
   6.656165;-0.035590;0.501593;,
   6.656165;-0.035590;0.401021;,
   6.735426;-0.057207;0.501593;,
   6.735426;-0.057207;0.401021;,
   6.922771;-0.518365;0.501593;,
   6.906504;-0.478313;0.401021;,
   6.922771;-0.518365;0.357788;,
   6.922771;-0.640191;0.479086;,
   6.922771;-0.518365;-0.367231;,
   6.922771;-0.518365;-0.511036;,
   6.906504;-0.478313;-0.410465;,
   6.735426;-0.057207;-0.410465;,
   6.735426;-0.057207;-0.511036;,
   6.656165;-0.035590;-0.410465;,
   6.656165;-0.035590;-0.511036;,
   3.766723;-0.640191;0.479086;,
   3.766723;-0.749589;0.404775;,
   3.766723;-0.749589;-0.414219;,
   3.766723;-0.779599;0.332206;,
   3.766723;-0.779599;-0.341650;,
   6.922771;-0.640191;-0.488529;,
   6.922771;-0.749589;-0.414219;,
   6.922771;-0.749589;0.404775;,
   6.922771;-0.779599;-0.341650;,
   6.922771;-0.779599;0.332206;,
   6.735426;-0.057207;0.401021;,
   6.906504;-0.478313;0.401021;,
   6.656165;-0.035590;0.401021;,
   5.870755;-0.028385;0.401021;,
   3.780615;-0.477426;0.401021;,
   5.589737;0.014849;0.401021;,
   3.835181;-0.316608;0.401021;,
   5.348356;0.122933;0.401021;,
   3.972088;-0.089638;0.401021;,
   5.124982;0.288661;0.401021;,
   4.184647;0.162558;0.401021;,
   5.006304;0.412736;0.401021;,
   4.343285;0.334201;0.401021;,
   4.912792;0.475431;0.401021;,
   4.483154;0.444095;0.401021;,
   4.598328;0.508069;0.401021;,
   4.782710;0.526446;0.401021;,
   5.870755;-0.028385;-0.410465;,
   3.780615;-0.477426;-0.410465;,
   6.906504;-0.478313;-0.410465;,
   5.589737;0.014849;-0.410465;,
   3.835169;-0.316608;-0.410465;,
   3.972076;-0.089638;-0.410465;,
   5.348356;0.122933;-0.410465;,
   4.190204;0.168576;-0.410465;,
   4.184647;0.162558;-0.410465;,
   5.124982;0.288661;-0.410465;,
   5.006304;0.412736;-0.410465;,
   4.343285;0.334201;-0.410465;,
   4.912792;0.475431;-0.410465;,
   4.483154;0.444095;-0.410465;,
   4.598328;0.508069;-0.410465;,
   4.782710;0.526446;-0.410465;,
   4.669221;0.526446;-0.410465;,
   6.656165;-0.035590;-0.410465;,
   6.735426;-0.057207;-0.410465;,
   4.768898;0.061668;0.115977;,
   4.768898;0.067951;0.077897;,
   4.768898;0.085590;0.102166;,
   4.768898;0.049459;0.088572;,
   4.768898;0.035394;0.124512;,
   4.768898;0.029156;0.095169;,
   4.768898;0.007932;0.127399;,
   4.768898;0.007932;0.097401;,
   4.768898;-0.019542;0.124512;,
   4.768898;-0.013305;0.095169;,
   4.768898;-0.045816;0.115977;,
   4.768898;-0.033607;0.088572;,
   4.768898;-0.069727;0.102166;,
   4.768898;-0.052099;0.077897;,
   4.768898;-0.090261;0.083684;,
   4.768898;-0.067964;0.063612;,
   4.768898;-0.106493;0.061339;,
   4.768898;-0.080518;0.046340;,
   4.768898;-0.117723;0.036106;,
   4.768898;-0.089200;0.026836;,
   4.768898;-0.123476;0.009089;,
   4.768898;-0.093638;0.005953;,
   4.768898;-0.123476;-0.018532;,
   4.768898;-0.093638;-0.015397;,
   4.768898;-0.117723;-0.045549;,
   4.768898;-0.089200;-0.036280;,
   4.768898;-0.106493;-0.070782;,
   4.768898;-0.080518;-0.055783;,
   4.768898;-0.090261;-0.093128;,
   4.768898;-0.067964;-0.073055;,
   4.768898;-0.069727;-0.111610;,
   4.768898;-0.052099;-0.087341;,
   4.768898;-0.045816;-0.125421;,
   4.768898;-0.033607;-0.098016;,
   4.768898;-0.019542;-0.133956;,
   4.768898;-0.013305;-0.104613;,
   4.768898;0.007932;-0.136842;,
   4.768898;0.007932;-0.106845;,
   4.768898;0.035394;-0.133956;,
   4.768898;0.029156;-0.104613;,
   4.768898;0.061668;-0.125421;,
   4.768898;0.049459;-0.098016;,
   4.768898;0.085590;-0.111610;,
   4.768898;0.067951;-0.087341;,
   4.768898;0.106112;-0.093128;,
   4.768898;0.083815;-0.073055;,
   4.768898;0.122345;-0.070782;,
   4.768898;0.096370;-0.055783;,
   4.768898;0.133585;-0.045549;,
   4.768898;0.105052;-0.036280;,
   4.768898;0.139327;-0.018532;,
   4.768898;0.109490;-0.015397;,
   4.768898;0.139327;0.009089;,
   4.768898;0.109490;0.005953;,
   4.768898;0.133585;0.036106;,
   4.768898;0.105052;0.026836;,
   4.768898;0.122345;0.061339;,
   4.768898;0.096370;0.046340;,
   4.768898;0.106112;0.083684;,
   4.768898;0.083815;0.063612;,
   3.766723;-0.518365;0.501593;,
   5.870755;-0.028385;0.501593;,
   5.589737;0.014849;0.501593;,
   6.922771;-0.518365;0.501593;,
   6.656165;-0.035590;0.501593;,
   6.735426;-0.057207;0.501593;,
   3.766723;-0.640191;0.479086;,
   6.922771;-0.640191;0.479086;,
   3.766723;-0.749589;0.404775;,
   6.922771;-0.749589;0.404775;,
   3.766723;-0.779599;0.332206;,
   6.922771;-0.779599;0.332206;,
   6.922771;-0.779599;-0.341650;,
   3.766723;-0.779599;-0.341650;,
   5.348356;0.122933;0.501593;,
   3.972088;-0.089638;0.501593;,
   3.835181;-0.316608;0.501593;,
   4.184647;0.162558;0.501593;,
   5.124982;0.288661;0.501593;,
   4.343285;0.334201;0.501593;,
   5.006304;0.412736;0.501593;,
   4.912792;0.475431;0.501593;,
   4.598328;0.508069;0.501593;,
   4.669221;0.526446;0.501593;,
   4.782710;0.526446;0.501593;,
   4.483154;0.444095;0.501593;,
   4.768898;0.096370;0.046340;,
   4.423642;0.083815;0.063612;,
   4.423642;0.096370;0.046340;,
   4.768898;0.083815;0.063612;,
   4.423642;0.067951;0.077897;,
   4.768898;0.067951;0.077897;,
   4.423642;0.049459;0.088572;,
   4.768898;0.049459;0.088572;,
   4.423642;0.029156;0.095169;,
   4.768898;0.029156;0.095169;,
   4.423642;0.007932;0.097401;,
   4.768898;0.007932;0.097401;,
   4.423642;-0.013304;0.095169;,
   4.768898;-0.013305;0.095169;,
   4.423642;-0.033607;0.088572;,
   4.768898;-0.033607;0.088572;,
   4.423642;-0.052099;0.077897;,
   4.768898;-0.052099;0.077897;,
   4.423642;-0.067964;0.063612;,
   4.768898;-0.067964;0.063612;,
   4.423642;-0.080518;0.046340;,
   4.768898;-0.080518;0.046340;,
   4.423642;-0.089200;0.026836;,
   4.768898;-0.089200;0.026836;,
   4.423642;-0.093638;0.005953;,
   4.768898;-0.093638;0.005953;,
   4.423642;-0.093638;-0.015397;,
   4.768898;-0.093638;-0.015397;,
   4.423642;-0.089200;-0.036280;,
   4.768898;-0.089200;-0.036280;,
   4.423642;-0.080518;-0.055783;,
   4.768898;-0.080518;-0.055783;,
   4.423642;-0.067964;-0.073055;,
   4.768898;-0.067964;-0.073055;,
   4.423642;-0.052099;-0.087341;,
   4.768898;-0.052099;-0.087341;,
   4.423642;-0.033607;-0.098016;,
   4.768898;-0.033607;-0.098016;,
   4.423642;-0.013304;-0.104613;,
   4.768898;-0.013305;-0.104613;,
   4.423642;0.007932;-0.106845;,
   4.768898;0.007932;-0.106845;,
   4.423642;0.029156;-0.104613;,
   4.768898;0.029156;-0.104613;,
   4.423642;0.049459;-0.098016;,
   4.768898;0.049459;-0.098016;,
   4.423642;0.067951;-0.087341;,
   4.768898;0.067951;-0.087341;,
   4.423642;0.083815;-0.073055;,
   4.768898;0.083815;-0.073055;,
   4.423642;0.096370;-0.055783;,
   4.768898;0.096370;-0.055783;,
   4.423642;0.105052;-0.036280;,
   4.768898;0.105052;-0.036280;,
   4.423642;0.109490;-0.015397;,
   4.768898;0.109490;-0.015397;,
   4.423642;0.109490;0.005953;,
   4.768898;0.109490;0.005953;,
   4.768898;0.105052;0.026836;,
   4.423642;0.105052;0.026836;,
   4.768898;0.109490;0.005953;,
   4.423642;0.109490;0.005953;,
   5.488858;-0.518365;0.344822;,
   5.488562;-0.214831;-0.354266;,
   5.483742;-0.214831;0.344822;,
   5.483742;-0.199843;-0.344299;,
   5.483742;-0.199843;0.334855;,
   5.483742;-0.194113;0.316000;,
   5.483742;-0.194113;-0.325443;,
   5.488858;-0.518365;-0.354266;,
   4.229980;-0.222590;0.344822;,
   4.256024;-0.199785;0.334855;,
   4.222153;-0.209804;0.334855;,
   4.196546;-0.258180;0.344822;,
   4.184234;-0.249625;0.334855;,
   4.046546;-0.435138;0.344822;,
   4.031558;-0.435138;0.334855;,
   4.021006;-0.435138;0.316000;,
   4.179530;-0.246351;0.316000;,
   4.219154;-0.204916;0.316000;,
   4.255182;-0.194113;0.316000;,
   4.255182;-0.194113;-0.325443;,
   4.219154;-0.204916;-0.325443;,
   4.179530;-0.246351;-0.325443;,
   4.021006;-0.435138;-0.325443;,
   4.031558;-0.435138;-0.344299;,
   4.189054;-0.249625;-0.344299;,
   4.226973;-0.209804;-0.344299;,
   4.256024;-0.199785;-0.344299;,
   4.263012;-0.214612;-0.354266;,
   4.234801;-0.222590;-0.354266;,
   4.201367;-0.258180;-0.354266;,
   4.046546;-0.435138;-0.354266;,
   4.031558;-0.518365;-0.344299;,
   4.025827;-0.518365;-0.325443;,
   4.025827;-0.518365;0.316000;,
   4.031558;-0.518365;0.334855;,
   4.046546;-0.518365;0.344822;,
   5.483742;-0.194113;-0.325443;,
   5.483742;-0.199843;-0.344299;,
   4.263012;-0.214612;-0.354266;,
   5.483742;-0.199843;-0.344299;,
   5.488562;-0.214831;-0.354266;,
   5.483742;-0.194113;0.316000;,
   5.483742;-0.199843;0.334855;,
   4.258192;-0.214612;0.344822;,
   5.483742;-0.214831;0.344822;,
   4.046842;-0.518365;-0.354266;,
   4.263012;-0.214612;-0.354266;,
   5.488858;-0.518365;-0.354266;,
   4.234801;-0.222590;-0.354266;,
   5.488562;-0.214831;-0.354266;,
   4.201367;-0.258180;-0.354266;,
   4.046546;-0.435138;-0.354266;,
   4.046842;-0.518365;-0.354266;,
   4.196546;-0.258180;0.344822;,
   5.488858;-0.518365;0.344822;,
   4.229980;-0.222590;0.344822;,
   4.046546;-0.435138;0.344822;,
   4.046546;-0.518365;0.344822;,
   4.258192;-0.214612;0.344822;,
   5.483742;-0.214831;0.344822;,
   32.545917;-0.500795;0.227009;,
   31.181123;-0.480066;0.204680;,
   31.173050;-0.500795;0.227009;,
   32.537965;-0.480066;0.204680;,
   32.555946;-0.559327;0.227009;,
   31.163133;-0.559327;0.227009;,
   32.597222;-0.650244;0.181456;,
   31.121862;-0.650244;0.181456;,
   31.380339;-0.714253;0.078284;,
   32.338746;-0.714253;0.078284;,
   32.613133;-0.714253;0.078284;,
   32.338746;-0.836748;0.078284;,
   32.693718;-0.836748;0.078284;,
   32.338746;-0.858365;0.132477;,
   32.703517;-0.858365;0.132477;,
   32.338746;-0.908804;0.162593;,
   32.726342;-0.908804;0.162593;,
   32.836221;-1.151120;0.162593;,
   32.338746;-1.151120;0.162593;,
   31.105952;-0.714253;0.078284;,
   31.380339;-0.836748;0.078284;,
   31.025363;-0.836748;0.078284;,
   31.380339;-0.858365;0.132477;,
   31.015565;-0.858365;0.132477;,
   31.380339;-0.908804;0.162593;,
   30.992739;-0.908804;0.162593;,
   30.882867;-1.151120;0.162593;,
   31.380339;-1.151120;0.162593;,
   32.537965;-0.480066;-0.214121;,
   31.181123;-0.480066;0.204680;,
   32.537965;-0.480066;0.204680;,
   31.181123;-0.480066;-0.214121;,
   32.545917;-0.500795;-0.236450;,
   31.181123;-0.480066;-0.214121;,
   32.537965;-0.480066;-0.214121;,
   31.173050;-0.500795;-0.236450;,
   32.555946;-0.559327;-0.236450;,
   31.163133;-0.559327;-0.236450;,
   32.597222;-0.650244;-0.190897;,
   31.121862;-0.650244;-0.190897;,
   32.338746;-0.714253;-0.087725;,
   31.380339;-0.714253;-0.087725;,
   31.105952;-0.714253;-0.087725;,
   31.025363;-0.836748;-0.087725;,
   31.380339;-0.836748;-0.087725;,
   31.015565;-0.858365;-0.141919;,
   31.380339;-0.858365;-0.141919;,
   30.992739;-0.908804;-0.172035;,
   31.380339;-0.908804;-0.172035;,
   30.882867;-1.151120;-0.172035;,
   31.380339;-1.151120;-0.172035;,
   32.613133;-0.714253;-0.087725;,
   32.693718;-0.836748;-0.087725;,
   32.338746;-0.836748;-0.087725;,
   32.703517;-0.858365;-0.141919;,
   32.338746;-0.858365;-0.141919;,
   32.726342;-0.908804;-0.172035;,
   32.338746;-0.908804;-0.172035;,
   32.836221;-1.151120;-0.172035;,
   32.338746;-1.151120;-0.172035;,
   31.173050;-0.500795;0.227009;,
   31.181123;-0.480066;-0.214121;,
   31.173050;-0.500795;-0.236450;,
   31.181123;-0.480066;0.204680;,
   31.163133;-0.559327;-0.236450;,
   31.163133;-0.559327;0.227009;,
   31.121862;-0.650244;0.181456;,
   31.121862;-0.650244;-0.190897;,
   31.105952;-0.714253;-0.087725;,
   31.105952;-0.714253;0.078284;,
   31.025363;-0.836748;0.078284;,
   31.025363;-0.836748;-0.087725;,
   31.015565;-0.858365;0.132477;,
   31.015565;-0.858365;-0.141919;,
   30.992739;-0.908804;0.162593;,
   30.992739;-0.908804;-0.172035;,
   30.882867;-1.151120;-0.172035;,
   30.882867;-1.151120;0.162593;,
   32.545917;-0.500795;-0.236450;,
   32.537965;-0.480066;0.204680;,
   32.545917;-0.500795;0.227009;,
   32.537965;-0.480066;-0.214121;,
   32.555946;-0.559327;0.227009;,
   32.555946;-0.559327;-0.236450;,
   32.597222;-0.650244;0.181456;,
   32.597222;-0.650244;-0.190897;,
   32.613133;-0.714253;-0.087725;,
   32.613133;-0.714253;0.078284;,
   32.693718;-0.836748;0.078284;,
   32.693718;-0.836748;-0.087725;,
   32.703517;-0.858365;0.132477;,
   32.703517;-0.858365;-0.141919;,
   32.726342;-0.908804;0.162593;,
   32.726342;-0.908804;-0.172035;,
   32.836221;-1.151120;-0.172035;,
   32.836221;-1.151120;0.162593;,
   6.906504;-0.478313;-0.410465;,
   3.766723;-0.518365;-0.367231;,
   6.922771;-0.518365;-0.367231;,
   3.780615;-0.477426;-0.410465;,
   6.922771;-0.518365;0.357788;,
   3.766723;-0.518365;0.357787;,
   6.906504;-0.478313;0.401021;,
   3.780615;-0.477426;0.401021;,
   4.641031;-0.763689;-0.396082;,
   3.502087;-0.878149;-0.530982;,
   3.495388;-0.800374;-0.395980;,
   4.641989;-0.841694;-0.531114;,
   4.642900;-0.918016;-0.620931;,
