xof 0303txt 0032
template ColorRGBA {
 <35ff44e0-6c7c-11cf-8f52-0040333594a3>
 FLOAT red;
 FLOAT green;
 FLOAT blue;
 FLOAT alpha;
}

template ColorRGB {
 <d3e16e81-7835-11cf-8f52-0040333594a3>
 FLOAT red;
 FLOAT green;
 FLOAT blue;
}

template Material {
 <3d82ab4d-62da-11cf-ab39-0020af71e433>
 ColorRGBA faceColor;
 FLOAT power;
 ColorRGB specularColor;
 ColorRGB emissiveColor;
 [...]
}

template TextureFilename {
 <a42790e1-7810-11cf-8f52-0040333594a3>
 STRING filename;
}

template Frame {
 <3d82ab46-62da-11cf-ab39-0020af71e433>
 [...]
}

template Matrix4x4 {
 <f6f23f45-7686-11cf-8f52-0040333594a3>
 array FLOAT matrix[16];
}

template FrameTransformMatrix {
 <f6f23f41-7686-11cf-8f52-0040333594a3>
 Matrix4x4 frameMatrix;
}

template Vector {
 <3d82ab5e-62da-11cf-ab39-0020af71e433>
 FLOAT x;
 FLOAT y;
 FLOAT z;
}

template MeshFace {
 <3d82ab5f-62da-11cf-ab39-0020af71e433>
 DWORD nFaceVertexIndices;
 array DWORD faceVertexIndices[nFaceVertexIndices];
}

template Mesh {
 <3d82ab44-62da-11cf-ab39-0020af71e433>
 DWORD nVertices;
 array Vector vertices[nVertices];
 DWORD nFaces;
 array MeshFace faces[nFaces];
 [...]
}

template MeshMaterialList {
 <f6f23f42-7686-11cf-8f52-0040333594a3>
 DWORD nMaterials;
 DWORD nFaceIndexes;
 array DWORD faceIndexes[nFaceIndexes];
 [Material <3d82ab4d-62da-11cf-ab39-0020af71e433>]
}

template VertexElement {
 <f752461c-1e23-48f6-b9f8-8350850f336f>
 DWORD Type;
 DWORD Method;
 DWORD Usage;
 DWORD UsageIndex;
}

template DeclData {
 <bf22e553-292c-4781-9fea-62bd554bdd93>
 DWORD nElements;
 array VertexElement Elements[nElements];
 DWORD nDWords;
 array DWORD data[nDWords];
}

template XSkinMeshHeader {
 <3cf169ce-ff7c-44ab-93c0-f78f62d172e2>
 WORD nMaxSkinWeightsPerVertex;
 WORD nMaxSkinWeightsPerFace;
 WORD nBones;
}

template SkinWeights {
 <6f0d123b-bad2-4167-a0d0-80224f25fabb>
 STRING transformNodeName;
 DWORD nWeights;
 array DWORD vertexIndices[nWeights];
 array FLOAT weights[nWeights];
 Matrix4x4 matrixOffset;
}

template AnimTicksPerSecond {
 <9e415a43-7ba6-4a73-8743-b73d47e88476>
 DWORD AnimTicksPerSecond;
}

template Animation {
 <3d82ab4f-62da-11cf-ab39-0020af71e433>
 [...]
}

template AnimationSet {
 <3d82ab50-62da-11cf-ab39-0020af71e433>
 [Animation <3d82ab4f-62da-11cf-ab39-0020af71e433>]
}

template FloatKeys {
 <10dd46a9-775b-11cf-8f52-0040333594a3>
 DWORD nValues;
 array FLOAT values[nValues];
}

template TimedFloatKeys {
 <f406b180-7b3b-11cf-8f52-0040333594a3>
 DWORD time;
 FloatKeys tfkeys;
}

template AnimationKey {
 <10dd46a8-775b-11cf-8f52-0040333594a3>
 DWORD keyType;
 DWORD nKeys;
 array TimedFloatKeys keys[nKeys];
}


Material Material__4529 {
 1.000000;1.000000;1.000000;1.000000;;
 10.000000;
 0.000000;0.000000;0.000000;;
 0.000000;0.000000;0.000000;;

 TextureFilename {
  "GrenadeSPEC.tga";
 }
}

Material Material__4530 {
 1.000000;1.000000;1.000000;1.000000;;
 10.000000;
 0.000000;0.000000;0.000000;;
 0.000000;0.000000;0.000000;;

 TextureFilename {
  "hands_1stP_military_diff_5.tga";
 }
}

Frame SceneRoot {
 

 FrameTransformMatrix {
  1.000000,0.000000,0.000000,0.000000,0.000000,1.000000,0.000000,0.000000,0.000000,0.000000,1.000000,0.000000,0.000000,0.000000,0.000000,1.000000;;
 }

 Frame RootBone {
  

  FrameTransformMatrix {
   1.000000,0.000000,0.000000,0.000000,0.000000,1.000000,0.000000,0.000000,0.000000,0.000000,1.000000,0.000000,0.000001,0.000000,0.000000,1.000000;;
  }

  Frame Hands_Hub01 {
   

   FrameTransformMatrix {
    0.000000,1.000000,-0.000000,0.000000,0.000002,0.000000,1.000000,0.000000,1.000000,-0.000000,-0.000002,0.000000,-19.474074,-1.276815,-4.880900,1.000000;;
   }

   Frame Hands_LArmCollarbone {
    

    FrameTransformMatrix {
     0.191889,0.981035,-0.027372,0.000000,-0.972180,0.193826,0.131522,0.000000,0.134333,0.001373,0.990935,0.000000,0.550024,0.782969,6.584863,1.000000;;
    }

    Frame Hands_LArm1 {
     

     FrameTransformMatrix {
      0.455554,-0.403939,-0.793286,0.000000,0.721026,0.690067,0.062678,0.000000,0.522103,-0.600533,0.605614,0.000000,7.387081,-0.000000,0.000002,1.000000;;
     }

     Frame Hands_LArm2 {
      

      FrameTransformMatrix {
       0.341708,-0.119693,0.932153,0.000000,0.281681,0.959302,0.019920,0.000000,-0.896600,0.255763,0.361516,0.000000,15.749222,-0.000000,0.000002,1.000000;;
      }

      Frame Hands_LArmPalm {
       

       FrameTransformMatrix {
        -0.341950,0.539772,-0.769230,0.000000,-0.322899,-0.836225,-0.443243,0.000000,-0.882500,0.096816,0.460239,0.000000,13.645376,0.000003,0.000000,1.000000;;
       }

       Frame Hands_LArmThumb1 {
        

        FrameTransformMatrix {
         0.397019,0.723635,-0.564560,0.000000,-0.507167,-0.339701,-0.792076,0.000000,-0.764956,0.600796,0.232136,0.000000,1.025019,0.149492,-1.053125,1.000000;;
        }

        Frame Hands_LArmThumb2 {
         

         FrameTransformMatrix {
          0.836340,-0.074157,-0.543172,0.000000,0.069069,0.997167,-0.029791,0.000000,0.543842,-0.012601,0.839093,0.000000,2.997646,0.000001,-0.000002,1.000000;;
         }

         Frame Hands_LArmThumb3 {
          

          FrameTransformMatrix {
           0.864008,-0.006956,-0.503431,0.000000,0.008711,0.999962,0.001132,0.000000,0.503404,-0.005364,0.864035,0.000000,1.568382,-0.000002,0.000000,1.000000;;
          }
         }
        }
       }

       Frame Hands_LArmFinger11 {
        

        FrameTransformMatrix {
         0.883442,0.214549,-0.416533,0.000000,-0.202367,0.976526,0.073785,0.000000,0.422586,0.019108,0.906122,0.000000,4.651295,1.298333,-0.184425,1.000000;;
        }

        Frame Hands_LArmFinger12 {
         

         FrameTransformMatrix {
          0.336324,-0.006031,-0.941727,0.000000,0.022303,0.999750,0.001563,0.000000,0.941482,-0.021529,0.336374,0.000000,1.967896,-0.000002,0.000002,1.000000;;
         }

         Frame Hands_LArmFinger13 {
          

          FrameTransformMatrix {
           0.973303,-0.021622,-0.228505,0.000000,0.021865,0.999760,-0.001469,0.000000,0.228482,-0.003566,0.973542,0.000000,1.282021,-0.000001,-0.000004,1.000000;;
          }
         }
        }
       }

       Frame Hands_LArmFinger21 {
        

        FrameTransformMatrix {
         0.690650,0.075974,-0.719188,0.000000,0.017493,0.992421,0.121636,0.000000,0.722979,-0.096589,0.684085,0.000000,4.644094,0.310959,0.107948,1.000000;;
        }

        Frame Hands_LArmFinger22 {
         

         FrameTransformMatrix {
          0.652992,-0.036407,-0.756489,0.000000,0.041156,0.999074,-0.012556,0.000000,0.756246,-0.022935,0.653886,0.000000,2.267677,-0.000001,0.000001,1.000000;;
         }

         Frame Hands_LArmFinger23 {
          

          FrameTransformMatrix {
           0.896304,0.038943,-0.441727,0.000000,-0.048760,0.998751,-0.010888,0.000000,0.440751,0.031297,0.897084,0.000000,1.357071,-0.000000,-0.000004,1.000000;;
          }
         }
        }
       }

       Frame Hands_LArmFinger31 {
        

        FrameTransformMatrix {
         0.991076,-0.133182,-0.005663,0.000000,0.133258,0.990947,0.016352,0.000000,0.003434,-0.016961,0.999850,0.000000,0.370762,-0.194487,0.112022,1.000000;;
        }

        Frame Hands_LArmFinger32 {
         

         FrameTransformMatrix {
          0.645018,0.069660,-0.760986,0.000000,0.052884,0.989380,0.135393,0.000000,0.762336,-0.127575,0.634483,0.000000,4.166517,-0.000003,0.000000,1.000000;;
         }

         Frame Hands_LArmFinger33 {
          

          FrameTransformMatrix {
           0.660310,0.046229,-0.749569,0.000000,-0.068006,0.997684,0.001623,0.000000,0.747908,0.049904,0.661924,0.000000,2.171421,0.000001,0.000002,1.000000;;
          }

          Frame Hands_LArmFinger34 {
           

           FrameTransformMatrix {
            0.906128,0.008938,-0.422909,0.000000,-0.008714,0.999959,0.002463,0.000000,0.422914,0.001453,0.906169,0.000000,1.301956,-0.000000,0.000000,1.000000;;
           }
          }
         }
        }
       }

       Frame Hands_LArmFinger41 {
        

        FrameTransformMatrix {
         0.949072,-0.301639,-0.090982,0.000000,0.307962,0.949122,0.065791,0.000000,0.066508,-0.090459,0.993677,0.000000,0.379574,-0.407064,0.157654,1.000000;;
        }

        Frame Hands_LArmFinger42 {
         

         FrameTransformMatrix {
          0.731763,0.098690,-0.674377,0.000000,-0.090931,0.994752,0.046906,0.000000,0.675467,0.026998,0.736896,0.000000,3.827002,-0.000001,0.000000,1.000000;;
         }

         Frame Hands_LArmFinger43 {
          

          FrameTransformMatrix {
           0.874202,0.139519,-0.465088,0.000000,-0.153082,0.988176,0.008697,0.000000,0.460802,0.063594,0.885222,0.000000,1.617779,0.000001,0.000001,1.000000;;
          }

          Frame Hands_LArmFinger44 {
           

           FrameTransformMatrix {
            0.710981,-0.044277,-0.701816,0.000000,0.080167,0.996613,0.018338,0.000000,0.698627,-0.069301,0.712122,0.000000,1.026676,0.000003,0.000000,1.000000;;
           }
          }
         }
        }
       }

       Frame Hands_LPalm_morph {
        

        FrameTransformMatrix {
         1.000000,-0.000000,0.000000,0.000000,-0.000000,1.000000,0.000000,0.000000,0.000000,-0.000000,1.000000,0.000000,0.000002,-0.000000,2.736034,1.000000;;
        }
       }
      }

      Frame Hands_Lwrist {
       

       FrameTransformMatrix {
        1.000000,0.000000,-0.000000,0.000000,0.000000,0.438371,0.898794,0.000000,-0.000000,-0.898794,0.438371,0.000000,12.667587,0.000001,-0.000002,1.000000;;
       }
      }

      Frame Hands_LSleeve {
       

       FrameTransformMatrix {
        1.000000,0.000000,0.000000,0.000000,0.000000,1.000000,0.000000,0.000000,0.000000,0.000000,1.000000,0.000000,11.831038,0.000003,-0.000002,1.000000;;
       }
      }
     }
    }
   }

   Frame Hands_RArmCollarbone {
    

    FrameTransformMatrix {
     0.159766,-0.959312,-0.232801,0.000000,0.972180,0.193826,-0.131522,0.000000,0.171293,-0.205312,0.963590,0.000000,0.550024,-0.782968,6.584862,1.000000;;
    }

    Frame Hands_RArm1 {
     

     FrameTransformMatrix {
      0.016006,-0.993027,-0.116798,0.000000,0.359313,-0.103297,0.927483,0.000000,-0.933080,-0.056812,0.355154,0.000000,7.387082,-0.000000,0.000003,1.000000;;
     }

     Frame Hands_RArm2 {
      

      FrameTransformMatrix {
       0.482246,0.542553,0.687804,0.000000,-0.502108,0.814557,-0.290491,0.000000,-0.717863,-0.205264,0.665236,0.000000,15.749219,0.000001,-0.000004,1.000000;;
      }

      Frame Hands_RArmPalm {
       

       FrameTransformMatrix {
        0.970804,-0.188286,-0.148622,0.000000,-0.237771,-0.837220,-0.492472,0.000000,-0.031704,0.513432,-0.857545,0.000000,13.645374,0.000002,0.000000,1.000000;;
       }

       Frame Hands_RArmThumb1 {
        

        FrameTransformMatrix {
         0.666642,-0.703504,-0.246314,0.000000,0.584049,0.287691,0.759026,0.000000,-0.463116,-0.649858,0.602668,0.000000,1.025020,-0.149494,-1.053124,1.000000;;
        }

        Frame Hands_RArmThumb2 {
         

         FrameTransformMatrix {
          0.735693,0.071082,-0.673575,0.000000,-0.069069,0.997167,0.029791,0.000000,0.673784,0.024606,0.738519,0.000000,2.997645,-0.000002,0.000000,1.000000;;
         }

         Frame Hands_RArmThumb3 {
          

          FrameTransformMatrix {
           0.551500,0.003860,-0.834166,0.000000,-0.008711,0.999962,-0.001132,0.000000,0.834130,0.007891,0.551512,0.000000,1.568378,-0.000002,0.000000,1.000000;;
          }
         }
        }
       }

       Frame Hands_RArmFinger11 {
        

        FrameTransformMatrix {
         0.788668,-0.016151,-0.614607,0.000000,-0.045600,0.995365,-0.084671,0.000000,0.613126,0.094804,0.784276,0.000000,4.651289,-1.298332,-0.184425,1.000000;;
        }

        Frame Hands_RArmFinger12 {
         

         FrameTransformMatrix {
          -0.189540,-0.001491,-0.981872,0.000000,-0.005771,0.999983,-0.000405,0.000000,0.981856,0.005589,-0.189546,0.000000,1.967898,-0.000001,0.000000,1.000000;;
         }

         Frame Hands_RArmFinger13 {
          

          FrameTransformMatrix {
           0.770449,-0.002635,-0.637497,0.000000,0.020012,0.999599,0.020053,0.000000,0.637188,-0.028207,0.770192,0.000000,1.282019,0.000000,0.000000,1.000000;;
          }
         }
        }
       }

       Frame Hands_RArmFinger21 {
        

        FrameTransformMatrix {
         0.530874,-0.043585,-0.846329,0.000000,-0.060957,0.994126,-0.089432,0.000000,0.845256,0.099067,0.525098,0.000000,4.644096,-0.310961,0.107956,1.000000;;
        }

        Frame Hands_RArmFinger22 {
         

         FrameTransformMatrix {
          -0.121267,-0.000452,-0.992620,0.000000,0.002494,0.999997,-0.000760,0.000000,0.992617,-0.002567,-0.121265,0.000000,2.267687,-0.000004,-0.000004,1.000000;;
         }

         Frame Hands_RArmFinger23 {
          

          FrameTransformMatrix {
           0.787026,-0.052296,-0.614698,0.000000,0.028455,0.998417,-0.048510,0.000000,0.616263,0.020687,0.787269,0.000000,1.357073,-0.000003,-0.000001,1.000000;;
          }
         }
        }
       }

       Frame Hands_RArmFinger31 {
        

        FrameTransformMatrix {
         0.991076,0.133182,-0.005663,0.000000,-0.133258,0.990946,-0.016352,0.000000,0.003434,0.016961,0.999850,0.000000,0.370756,0.194487,0.112026,1.000000;;
        }

        Frame Hands_RArmFinger32 {
         

         FrameTransformMatrix {
          0.434639,-0.115487,-0.893169,0.000000,-0.040164,0.988272,-0.147329,0.000000,0.899709,0.099909,0.424903,0.000000,4.166523,0.000000,0.000002,1.000000;;
         }

         Frame Hands_RArmFinger33 {
          

          FrameTransformMatrix {
           -0.154100,-0.000813,-0.988055,0.000000,-0.006176,0.999981,0.000140,0.000000,0.988036,0.006123,-0.154102,0.000000,2.171417,0.000000,0.000002,1.000000;;
          }

          Frame Hands_RArmFinger34 {
           

           FrameTransformMatrix {
            0.852670,0.051471,-0.519909,0.000000,-0.078141,0.996506,-0.029499,0.000000,0.516574,0.065779,0.853712,0.000000,1.301952,-0.000002,-0.000001,1.000000;;
           }
          }
         }
        }
       }

       Frame Hands_RArmFinger41 {
        

        FrameTransformMatrix {
         0.949071,0.301639,-0.090982,0.000000,-0.307962,0.949121,-0.065791,0.000000,0.066508,0.090459,0.993677,0.000000,0.379574,0.407064,0.157658,1.000000;;
        }

        Frame Hands_RArmFinger42 {
         

         FrameTransformMatrix {
          0.561154,-0.076821,-0.824139,0.000000,-0.057840,0.989610,-0.131628,0.000000,0.825688,0.121531,0.550880,0.000000,3.826998,0.000001,0.000000,1.000000;;
         }

         Frame Hands_RArmFinger43 {
          

          FrameTransformMatrix {
           0.042750,-0.007830,-0.999055,0.000000,0.080731,0.996726,-0.004358,0.000000,0.995819,-0.080469,0.043242,0.000000,1.617776,0.000000,0.000000,1.000000;;
          }

          Frame Hands_RArmFinger44 {
           

           FrameTransformMatrix {
            0.671023,0.073862,-0.737748,0.000000,-0.093817,0.995486,0.014334,0.000000,0.735477,0.059595,0.674924,0.000000,1.026678,0.000000,0.000000,1.000000;;
           }
          }
         }
        }
       }

       Frame Hands_RPalm_morph {
        

        FrameTransformMatrix {
         1.000000,-0.000000,-0.000000,0.000000,-0.000000,1.000000,0.000000,0.000000,0.000000,-0.000000,1.000000,0.000000,0.000002,0.000000,2.736038,1.000000;;
        }
       }
      }

      Frame Hands_R_wrist {
       

       FrameTransformMatrix {
        1.000000,-0.000000,-0.000000,0.000000,0.000000,1.000000,0.000000,0.000000,0.000000,-0.000000,1.000000,0.000000,12.667591,0.000002,-0.000006,1.000000;;
       }
      }

      Frame Hands_R_Sleeve {
       

       FrameTransformMatrix {
        1.000000,-0.000000,-0.000000,0.000000,0.000000,1.000000,0.000000,0.000000,0.000000,-0.000000,1.000000,0.000000,11.831043,0.000003,0.000000,1.000000;;
       }
      }
     }
    }
   }
  }

  Frame Frag {
   

   FrameTransformMatrix {
    -0.872806,-0.230696,0.430103,0.000000,-0.435098,-0.031489,-0.899832,0.000000,0.221132,-0.972516,-0.072891,0.000000,-28.568816,19.127136,16.166099,1.000000;;
   }
  }
 }

 Frame Frag_Trip {
  

  FrameTransformMatrix {
   1.000000,0.000000,0.000000,0.000000,0.000000,1.000000,0.000000,0.000000,0.000000,0.000000,1.000000,0.000000,0.000000,0.000000,0.000000,1.000000;;
  }

  Mesh Frag_Trip {
   4780;
   -3.010884;-20.318504;10.523283;,
   -3.211158;-20.006245;10.718042;,
   -3.178474;-19.989590;10.523283;,
   -3.195408;-19.998219;10.949362;,
   -3.211158;-20.006245;10.718042;,
   -3.031118;-19.914509;10.635426;,
   -3.178474;-19.989590;9.878935;,
   -3.031119;-19.914509;9.878935;,
   -3.178475;-19.989590;9.034316;,
   -3.031119;-19.914509;9.034316;,
   -3.361902;-20.083051;8.818484;,
   -3.178475;-19.989590;9.034316;,
   -3.211973;-20.006659;8.795909;,
   -3.361902;-20.083051;8.557739;,
   -3.214546;-20.007970;8.618934;,
   -3.222684;-20.012115;8.411628;,
   -3.133821;-19.966837;8.462288;,
   -3.055093;-20.341030;8.411628;,
   -3.194312;-20.411965;8.557739;,
   -3.194312;-20.411966;8.818484;,
   -3.010885;-20.318504;9.034316;,
   -3.010884;-20.318504;9.878935;,
   -2.843294;-20.647419;9.878934;,
   -2.843293;-20.647419;10.523283;,
   -3.043568;-20.335160;10.718042;,
   -3.211158;-20.006245;10.718042;,
   -2.875978;-20.664074;10.718042;,
   -2.675703;-20.976334;10.523283;,
   -2.708387;-20.992987;10.718041;,
   -2.528347;-20.901253;10.635426;,
   -2.692637;-20.984963;10.949361;,
   -2.860227;-20.656048;10.949361;,
   -2.695938;-20.572338;10.635426;,
   -3.027817;-20.327133;10.949362;,
   -2.863528;-20.243424;10.635426;,
   -2.863528;-20.243424;9.878935;,
   -2.863529;-20.243424;9.034316;,
   -3.044383;-20.335573;8.795909;,
   -3.046956;-20.336883;8.618934;,
   -2.966231;-20.295752;8.462288;,
   -2.887503;-20.669944;8.411628;,
   -3.026722;-20.740878;8.557739;,
   -3.026722;-20.740878;8.818484;,
   -2.843294;-20.647419;9.034315;,
   -2.675704;-20.976334;9.034315;,
   -2.675704;-20.976334;9.878934;,
   -2.528348;-20.901253;9.878934;,
   -2.695938;-20.572338;9.878934;,
   -2.695938;-20.572338;9.034315;,
   -2.876792;-20.664488;8.795909;,
   -2.879366;-20.665798;8.618934;,
   -2.798640;-20.624666;8.462287;,
   -2.719913;-20.998859;8.411628;,
   -2.859132;-21.069794;8.557739;,
   -2.859131;-21.069794;8.818484;,
   -2.709202;-20.993400;8.795908;,
   -2.711776;-20.994714;8.618934;,
   -2.631050;-20.953581;8.462287;,
   -2.528348;-20.901253;9.034315;,
   -3.126426;-20.077862;10.732714;,
   -3.624556;-20.676254;10.732714;,
   -2.987040;-20.351424;10.732714;,
   -3.126426;-20.077862;10.732714;,
   -3.763943;-20.402693;10.083703;,
   -3.763943;-20.402694;10.732714;,
   -3.763943;-20.402693;10.083703;,
   -3.126426;-20.077862;10.732714;,
   -3.126426;-20.077862;10.083703;,
   -3.126426;-20.077862;10.083703;,
   -3.703497;-20.521326;10.019296;,
   -3.763943;-20.402693;10.083703;,
   -3.065980;-20.196494;10.019296;,
   -3.862479;-20.602331;10.081648;,
   -3.883955;-20.560182;10.146055;,
   -4.076331;-20.711294;10.261630;,
   -4.097807;-20.669146;10.326037;,
   -2.987040;-20.351424;10.732714;,
   -3.126426;-20.077862;10.083703;,
   -3.126426;-20.077862;10.732714;,
   -3.126426;-20.077862;10.083703;,
   -2.987040;-20.351424;10.732714;,
   -2.987040;-20.351424;10.083703;,
   -2.987040;-20.351424;10.083703;,
   -3.065980;-20.196494;10.019296;,
   -3.126426;-20.077862;10.083703;,
   -2.996972;-20.331930;10.019296;,
   -2.847654;-20.624984;10.083703;,
   -2.826050;-20.667386;10.019296;,
   -2.708268;-20.898544;10.083703;,
   -2.768714;-20.779914;10.019296;,
   -3.206400;-20.016803;8.820361;,
   -2.893670;-20.261699;8.820361;,
   -3.042881;-20.337726;8.820361;,
   -3.057188;-19.940778;8.820361;,
   -2.730152;-20.582622;8.820361;,
   -2.879363;-20.658650;8.820361;,
   -2.566634;-20.903546;8.820361;,
   -2.715845;-20.979573;8.820361;,
   -3.057188;-19.940778;8.820361;,
   -2.893670;-20.261699;8.996472;,
   -2.893670;-20.261699;8.820361;,
   -3.057188;-19.940778;8.996474;,
   -2.730152;-20.582622;8.996472;,
   -2.730152;-20.582622;8.820361;,
   -2.566634;-20.903546;8.996472;,
   -2.566634;-20.903546;8.820361;,
   -3.057188;-19.940778;8.820361;,
   -3.206400;-20.016803;8.820361;,
   -3.057188;-19.940778;8.996474;,
   -3.025447;-19.973296;8.805198;,
   -2.987337;-19.953878;8.746327;,
   -3.087111;-20.004715;8.827686;,
   -3.186885;-20.055554;8.746327;,
   -3.148775;-20.036134;8.614689;,
   -3.025447;-19.973296;8.614689;,
   -2.987337;-19.953878;8.673559;,
   -3.087111;-20.004715;8.592202;,
   -3.186885;-20.055552;8.673559;,
   -3.148775;-20.036134;8.805198;,
   -3.211158;-20.006245;10.718042;,
   -3.906422;-20.360499;10.977864;,
   -3.195408;-19.998219;10.949362;,
   -3.959855;-20.387723;10.665178;,
   -3.043568;-20.335160;10.718042;,
   -3.792264;-20.716638;10.665176;,
   -4.430494;-20.627528;10.718202;,
   -4.336574;-20.579672;11.026976;,
   -3.738831;-20.689413;10.977864;,
   -3.027817;-20.327133;10.949362;,
   -2.860227;-20.656048;10.949361;,
   -3.571241;-21.018328;10.977864;,
   -2.692637;-20.984963;10.949361;,
   -3.403651;-21.347242;10.977864;,
   -4.001394;-21.237501;11.026974;,
   -4.168984;-20.908587;11.026974;,
   -5.433242;-21.138453;11.396282;,
   -5.474301;-21.159374;11.201563;,
   -4.262903;-20.956442;10.718202;,
   -3.624674;-21.045554;10.665176;,
   -2.875978;-20.664074;10.718042;,
   -4.095313;-21.285357;10.718202;,
   -5.312441;-21.491206;11.202680;,
   -6.653646;-21.760280;11.227478;,
   -6.615631;-21.740909;11.451841;,
   -5.260170;-21.464574;11.393221;,
   -5.086614;-21.790450;11.390161;,
   -3.833804;-21.566416;11.026974;,
   -3.927723;-21.614269;10.718202;,
   -3.457084;-21.374467;10.665176;,
   -2.708387;-20.992987;10.718041;,
   -5.145817;-21.820614;11.202867;,
   -6.486056;-22.089194;11.227477;,
   -7.431735;-22.156734;11.070076;,
   -7.393719;-22.137365;11.268870;,
   -6.448041;-22.069824;11.451839;,
   -6.280451;-22.398739;11.451839;,
   -4.913577;-22.116589;11.387100;,
   -4.981532;-22.151213;11.204062;,
   -6.318466;-22.418107;11.227477;,
   -7.264145;-22.485650;11.070076;,
   -7.639365;-22.262528;11.181372;,
   -7.601350;-22.243158;11.331288;,
   -7.226129;-22.466280;11.268870;,
   -7.058539;-22.795195;11.268870;,
   -6.112861;-22.727653;11.451839;,
   -6.150876;-22.747022;11.227477;,
   -7.096554;-22.814563;11.070076;,
   -7.471774;-22.591442;11.181372;,
   -7.846995;-22.368320;11.335488;,
   -7.808980;-22.348952;11.418686;,
   -7.433759;-22.572074;11.331288;,
   -7.266169;-22.900987;11.331288;,
   -7.641390;-22.677866;11.418686;,
   -7.679406;-22.697235;11.335488;,
   -7.304184;-22.920357;11.181372;,
   -6.928964;-23.143478;11.070076;,
   -6.890950;-23.124109;11.268870;,
   -7.098579;-23.229902;11.331288;,
   -7.473799;-23.006781;11.418686;,
   -7.511815;-23.026150;11.335487;,
   -7.136594;-23.249272;11.181372;,
   -7.344225;-23.355064;11.335488;,
   -7.306209;-23.335696;11.418686;,
   -7.344225;-23.355064;11.335488;,
   -7.098579;-23.229902;11.331288;,
   -7.306209;-23.335696;11.418686;,
   -3.624674;-21.045554;10.665176;,
   -2.875978;-20.664074;10.718042;,
   -3.457084;-21.374467;10.665176;,
   -3.087111;-20.004715;8.827686;,
   -2.870980;-20.276454;8.805198;,
   -3.025447;-19.973296;8.805198;,
   -2.932644;-20.307875;8.827685;,
   -3.148775;-20.036134;8.805198;,
   -2.994307;-20.339294;8.805198;,
   -3.186885;-20.055554;8.746327;,
   -3.032418;-20.358712;8.746327;,
   -2.839840;-20.642453;8.805198;,
   -2.877950;-20.661870;8.746327;,
   -2.685372;-20.945611;8.805198;,
   -2.723483;-20.965030;8.746327;,
   -2.623709;-20.914192;8.827685;,
   -2.778176;-20.611034;8.827685;,
   -2.716513;-20.579614;8.805198;,
   -2.678402;-20.560195;8.746327;,
   -2.832870;-20.257037;8.746327;,
   -2.987337;-19.953878;8.746327;,
   -2.832870;-20.257037;8.673559;,
   -2.987337;-19.953878;8.673559;,
   -2.870980;-20.276454;8.614688;,
   -3.025447;-19.973296;8.614689;,
   -2.932644;-20.307875;8.592202;,
   -3.087111;-20.004715;8.592202;,
   -2.994307;-20.339294;8.614688;,
   -3.148775;-20.036134;8.614689;,
   -3.032418;-20.358712;8.673559;,
   -3.186885;-20.055552;8.673559;,
   -3.032418;-20.358712;8.746327;,
   -3.186885;-20.055554;8.746327;,
   -2.877950;-20.661870;8.746327;,
   -2.877950;-20.661870;8.673559;,
   -2.839840;-20.642453;8.614688;,
   -2.778176;-20.611034;8.592202;,
   -2.716513;-20.579614;8.614688;,
   -2.678402;-20.560195;8.673559;,
   -2.523935;-20.863355;8.673559;,
   -2.523935;-20.863355;8.746327;,
   -2.562045;-20.882774;8.805198;,
   -2.562045;-20.882774;8.614688;,
   -2.623709;-20.914192;8.592202;,
   -2.685373;-20.945611;8.614688;,
   -2.723483;-20.965030;8.673559;,
   -2.723483;-20.965030;8.746327;,
   -3.624556;-20.676254;10.732714;,
   -3.126426;-20.077862;10.732714;,
   -3.763943;-20.402694;10.732714;,
   -2.996972;-20.331930;10.019296;,
   -3.065981;-20.196494;9.420286;,
   -3.065980;-20.196494;10.019296;,
   -3.215500;-20.272678;9.414230;,
   -3.892518;-20.617635;9.230946;,
   -3.894854;-20.618826;9.411320;,
   -3.215840;-20.272851;9.175307;,
   -3.138792;-20.404190;8.996506;,
   -3.823510;-20.753072;9.052788;,
   -2.965397;-20.738200;8.996015;,
   -3.652588;-21.088528;9.052787;,
   -2.901849;-20.847750;9.173516;,
   -3.595252;-21.201056;9.230946;,
   -2.904282;-20.848987;9.420585;,
   -3.594716;-21.200782;9.416098;,
   -3.215417;-20.272637;9.472455;,
   -3.891709;-20.617224;9.462338;,
   -3.943107;-20.609442;9.423930;,
   -3.943107;-20.609442;9.159259;,
   -3.892518;-20.617635;9.230946;,
   -3.929366;-20.636411;9.472456;,
   -4.090073;-20.684325;9.426281;,
   -4.090073;-20.684325;9.159259;,
   -3.943107;-20.609442;9.159259;,
   -3.874100;-20.744878;8.981100;,
   -4.021065;-20.819762;8.981100;,
   -3.673529;-21.138520;8.981100;,
   -3.820494;-21.213402;8.981100;,
   -3.616193;-21.251046;9.159258;,
   -3.763158;-21.325930;9.159258;,
   -3.616193;-21.251046;9.427212;,
   -3.763158;-21.325930;9.427510;,
   -3.632099;-21.219829;9.472455;,
   -3.594442;-21.200642;9.462338;,
   -3.594716;-21.200782;9.416098;,
   -3.616193;-21.251046;9.159258;,
   -3.595252;-21.201056;9.230946;,
   -3.673529;-21.138520;8.981100;,
   -3.652588;-21.088528;9.052787;,
   -3.874100;-20.744878;8.981100;,
   -3.823510;-20.753072;9.052788;,
   -3.943107;-20.609442;9.159259;,
   -3.892518;-20.617635;9.230946;,
   -4.076331;-20.711294;9.472456;,
   -3.779064;-21.294712;9.472455;,
   -3.065981;-20.196494;9.420286;,
   -2.996972;-20.331930;10.019296;,
   -2.996972;-20.331930;9.420286;,
   -2.996972;-20.331930;9.420286;,
   -3.065981;-20.196494;9.107088;,
   -3.065981;-20.196494;9.420286;,
   -2.996973;-20.331930;8.928930;,
   -2.826050;-20.667386;9.420284;,
   -2.826050;-20.667386;8.928930;,
   -2.768714;-20.779914;9.420284;,
   -2.768714;-20.779914;9.107088;,
   -3.167583;-20.248264;9.117969;,
   -2.996973;-20.331930;8.928930;,
   -3.096459;-20.382622;8.939803;,
   -3.065981;-20.196494;9.107088;,
   -3.065981;-20.196494;9.420286;,
   -3.169787;-20.249386;9.420286;,
   -3.167583;-20.248264;9.117969;,
   -3.215840;-20.272851;9.175307;,
   -3.169787;-20.249386;9.420286;,
   -3.215500;-20.272678;9.414230;,
   -3.215417;-20.272637;9.472455;,
   -3.096459;-20.382622;8.939803;,
   -3.138792;-20.404190;8.996506;,
   -2.924689;-20.717643;8.939493;,
   -2.965397;-20.738200;8.996015;,
   -2.866994;-20.829989;9.117613;,
   -2.901849;-20.847750;9.173516;,
   -2.866383;-20.829677;9.420284;,
   -2.904282;-20.848987;9.420585;,
   -2.904792;-20.849250;9.472455;,
   -2.826050;-20.667386;8.928930;,
   -2.996973;-20.331930;8.928930;,
   -3.065981;-20.196494;9.420286;,
   -3.169787;-20.249386;9.420286;,
   -3.065980;-20.196494;10.019296;,
   -3.065980;-20.196494;10.019296;,
   -3.169787;-20.249386;9.420286;,
   -3.215417;-20.272637;9.472455;,
   -3.065980;-20.196494;10.019296;,
   -3.215417;-20.272637;9.472455;,
   -3.891709;-20.617224;9.462338;,
   -3.065980;-20.196494;10.019296;,
   -3.891709;-20.617224;9.462338;,
   -3.703497;-20.521326;10.019296;,
   -3.928229;-21.016280;10.213093;,
   -3.670902;-21.521310;9.801280;,
   -4.197316;-20.488165;9.554815;,
   -3.871974;-21.126685;9.034154;,
   -4.087266;-20.704150;9.134954;,
   -4.162549;-20.556398;9.319122;,
   -4.129301;-20.621651;10.015902;,
   -4.185556;-20.511246;9.801281;,
   -4.038280;-20.800293;10.161568;,
   -3.727156;-21.410906;10.015902;,
   -3.818178;-21.232266;10.161568;,
   -3.984484;-20.905872;9.034155;,
   -3.693908;-21.476158;9.319122;,
   -3.769192;-21.328405;9.134953;,
   -3.659141;-21.544394;9.554814;,
   -4.134288;-21.115968;9.606151;,
   -4.460924;-20.475283;9.285969;,
   -4.491821;-20.414645;9.606151;,
   -4.373575;-20.646717;9.021148;,
   -4.244877;-20.899299;8.857479;,
   -4.097083;-21.189362;8.823263;,
   -3.955749;-21.466746;8.924415;,
   -3.845312;-21.683491;9.143446;,
   -3.784867;-21.802118;9.442483;,
   -3.784867;-21.802118;9.769819;,
   -3.845312;-21.683491;10.068856;,
   -3.955748;-21.466746;10.287887;,
   -4.097083;-21.189362;10.389040;,
   -4.244876;-20.899301;10.354824;,
   -4.373574;-20.646717;10.191155;,
   -4.460924;-20.475285;9.926335;,
   -4.998337;-20.394917;9.145459;,
   -4.491821;-20.414645;9.606151;,
   -4.460924;-20.475283;9.285969;,
   -5.042793;-20.307667;9.606153;,
   -5.901274;-20.472566;8.993754;,
   -5.960369;-20.356584;9.606153;,
   -6.789078;-20.854374;8.965766;,
   -6.614374;-21.197250;8.436109;,
   -5.734205;-20.800458;8.487245;,
   -4.872656;-20.641581;8.764426;,
   -4.373575;-20.646717;9.021148;,
   -4.687480;-21.005008;8.528933;,
   -5.488052;-21.283562;8.174204;,
   -6.356970;-21.702432;8.108762;,
   -7.150143;-22.177128;8.302231;,
   -7.374290;-21.737214;8.587283;,
   -7.526421;-21.438640;9.048506;,
   -6.850874;-20.733091;9.606153;,
   -7.580233;-21.333029;9.606153;,
   -8.002686;-22.252306;9.281898;,
   -8.034448;-22.189968;9.608102;,
   -7.912549;-22.429208;9.011486;,
   -7.779624;-22.690090;8.843622;,
   -7.626894;-22.989838;8.807331;,
   -6.892739;-22.682310;8.242638;,
   -6.061374;-22.282574;8.040327;,
   -5.205374;-21.838347;8.108761;,
   -4.474829;-21.422360;8.479701;,
   -4.244877;-20.899299;8.857479;,
   -4.097083;-21.189362;8.823263;,
   -4.271472;-21.821470;8.625243;,
   -3.955749;-21.466746;8.924415;,
   -4.112570;-22.133331;8.940394;,
   -3.845312;-21.683491;9.143446;,
   -4.025600;-22.304019;9.370659;,
   -3.784867;-21.802118;9.442483;,
   -4.025600;-22.304019;9.841643;,
   -3.784867;-21.802118;9.769819;,
   -4.112570;-22.133331;10.271910;,
   -3.845312;-21.683491;10.068856;,
   -4.271471;-21.821470;10.587060;,
   -3.955748;-21.466746;10.287887;,
   -4.474828;-21.422360;10.732602;,
   -4.097083;-21.189362;10.389040;,
   -4.687480;-21.005008;10.683370;,
   -4.244876;-20.899301;10.354824;,
   -4.872655;-20.641581;10.447879;,
   -5.734205;-20.800458;10.725059;,
   -5.901274;-20.472566;10.218550;,
   -6.789078;-20.854374;10.246539;,
   -6.850874;-20.733091;9.606153;,
   -5.960369;-20.356584;9.606153;,
   -4.998337;-20.394917;10.066844;,
   -4.373574;-20.646717;10.191155;,
   -4.460924;-20.475285;9.926335;,
   -5.042793;-20.307667;9.606153;,
   -4.491821;-20.414645;9.606151;,
   -7.580233;-21.333029;9.606153;,
   -7.526421;-21.438640;10.163798;,
   -6.614373;-21.197250;10.776197;,
   -5.488050;-21.283562;11.038099;,
   -5.205373;-21.838349;11.103542;,
   -4.935050;-22.368886;10.910072;,
   -4.723824;-22.783443;10.491143;,
   -4.608215;-23.010338;9.919191;,
   -4.608215;-23.010338;9.293111;,
   -4.723824;-22.783442;8.721159;,
   -4.935051;-22.368885;8.302230;,
   -5.778697;-22.837358;8.242638;,
   -6.646586;-23.165414;8.418810;,
   -7.480768;-23.276627;8.908890;,
   -7.366512;-23.500866;9.130738;,
   -6.454243;-23.542907;8.800284;,
   -5.557816;-23.270862;8.680714;,
   -5.436924;-23.508125;9.278805;,
   -5.436924;-23.508125;9.933498;,
   -5.557816;-23.270862;10.531590;,
   -5.778696;-22.837360;10.969666;,
   -6.061373;-22.282574;11.171976;,
   -6.356969;-21.702435;11.103542;,
   -7.374289;-21.737214;10.625022;,
   -8.002344;-22.252976;9.933695;,
   -8.034448;-22.189968;9.608102;,
   -7.150142;-22.177128;10.910074;,
   -7.911926;-22.430432;10.202378;,
   -7.778826;-22.691654;10.367694;,
   -6.892738;-22.682312;10.969666;,
   -6.646584;-23.165414;10.793494;,
   -6.454243;-23.542907;10.412020;,
   -6.348970;-23.749515;9.891204;,
   -6.348970;-23.749515;9.321099;,
   -7.303882;-23.623786;9.434513;,
   -7.303707;-23.624126;9.767693;,
   -7.366018;-23.501835;10.072666;,
   -7.480042;-23.278053;10.296699;,
   -7.626059;-22.991477;10.401058;,
   -4.162549;-20.556398;9.319122;,
   -4.440086;-20.515322;9.545774;,
   -4.197316;-20.488165;9.554815;,
   -4.426618;-20.541752;9.828008;,
   -4.185556;-20.511246;9.801281;,
   -4.400273;-20.593458;9.275876;,
   -4.087266;-20.704150;9.134954;,
   -4.314064;-20.762653;9.064979;,
   -3.984484;-20.905872;9.034155;,
   -4.196366;-20.993648;8.949553;,
   -3.871974;-21.126685;9.034154;,
   -4.067529;-21.246506;8.949553;,
   -3.769192;-21.328405;9.134953;,
   -3.949830;-21.477502;9.064979;,
   -3.693908;-21.476158;9.319122;,
   -3.863621;-21.646698;9.275875;,
   -3.659141;-21.544394;9.554814;,
   -3.823808;-21.724835;9.545774;,
   -3.670902;-21.521310;9.801280;,
   -3.837275;-21.698405;9.828008;,
   -3.727156;-21.410906;10.015902;,
   -3.901694;-21.571976;10.073775;,
   -3.818178;-21.232266;10.161568;,
   -4.005925;-21.367411;10.240582;,
   -3.928229;-21.016280;10.213093;,
   -4.131946;-21.120078;10.299586;,
   -4.038280;-20.800293;10.161568;,
   -4.257969;-20.872747;10.240582;,
   -4.129301;-20.621651;10.015902;,
   -4.362200;-20.668181;10.073776;,
   -4.185556;-20.511246;9.801281;,
   -4.426618;-20.541752;9.828008;,
   -2.996972;-20.331930;9.420286;,
   -2.826050;-20.667386;10.019296;,
   -2.826050;-20.667386;9.420284;,
   -2.826050;-20.667386;10.019296;,
   -2.996972;-20.331930;9.420286;,
   -2.996972;-20.331930;10.019296;,
   -3.883955;-20.560182;10.146055;,
   -3.763943;-20.402694;10.732714;,
   -3.763943;-20.402693;10.083703;,
   -3.763943;-20.402694;10.732714;,
   -3.883955;-20.560182;10.146055;,
   -3.883954;-20.560182;10.675348;,
   -2.987040;-20.351424;10.083703;,
   -2.847654;-20.624984;10.732714;,
   -2.847654;-20.624984;10.083703;,
   -2.847654;-20.624984;10.732714;,
   -2.987040;-20.351424;10.083703;,
   -2.987040;-20.351424;10.732714;,
   -3.763943;-20.402694;10.732714;,
   -3.783538;-20.757259;10.675348;,
   -3.624556;-20.676254;10.732714;,
   -3.783538;-20.757259;10.675348;,
   -3.763943;-20.402694;10.732714;,
   -3.883954;-20.560182;10.675348;,
   -3.485170;-20.949816;10.732714;,
   -2.987040;-20.351424;10.732714;,
   -3.624556;-20.676254;10.732714;,
   -2.987040;-20.351424;10.732714;,
   -3.485170;-20.949816;10.732714;,
   -2.847654;-20.624984;10.732714;,
   -3.883954;-20.560182;10.675348;,
   -4.256324;-20.998155;10.732714;,
   -3.783538;-20.757259;10.675348;,
   -3.624556;-20.676254;10.732714;,
   -3.644152;-21.030821;10.675348;,
   -3.485170;-20.949816;10.732714;,
   -3.644152;-21.030821;10.675348;,
   -3.624556;-20.676254;10.732714;,
   -3.783538;-20.757259;10.675348;,
   -2.847654;-20.624984;10.732714;,
   -3.345784;-21.223378;10.732714;,
   -2.708267;-20.898546;10.732714;,
   -3.345784;-21.223378;10.732714;,
   -2.847654;-20.624984;10.732714;,
   -3.485170;-20.949816;10.732714;,
   -3.977242;-20.905768;10.326037;,
   -4.235818;-20.739466;10.479376;,
   -4.097807;-20.669146;10.326037;,
   -3.977242;-20.905768;10.261629;,
   -4.076331;-20.711294;10.261630;,
   -3.878153;-21.100238;10.261629;,
   -3.878153;-21.100238;10.326037;,
   -4.125077;-20.954709;10.478042;,
   -4.356740;-20.801078;10.732714;,
   -4.256324;-20.998155;10.732714;,
   -4.003784;-21.190458;10.476581;,
   -3.755020;-21.341902;10.326037;,
   -3.886903;-21.409101;10.476576;,
   -4.116938;-21.271717;10.732714;,
   -4.013953;-21.473835;10.732714;,
   -3.779064;-21.294712;10.261629;,
   -4.021065;-20.819762;8.981100;,
   -4.090073;-20.684325;9.426281;,
   -4.090073;-20.684325;9.159259;,
   -4.007323;-20.846730;9.426098;,
   -4.076331;-20.711294;9.472456;,
   -4.007323;-20.846730;9.472455;,
   -3.836400;-21.182184;9.425645;,
   -3.836400;-21.182184;9.472455;,
   -3.763158;-21.325930;9.427510;,
   -3.763158;-21.325930;9.159258;,
   -3.820494;-21.213402;8.981100;,
   -3.779064;-21.294712;9.472455;,
   -4.152094;-20.696806;10.707884;,
   -4.256324;-20.998155;10.732714;,
   -3.883954;-20.560182;10.675348;,
   -4.356740;-20.801078;10.732714;,
   -4.256324;-20.998155;10.732714;,
   -4.152094;-20.696806;10.707884;,
   -2.847654;-20.624984;10.083703;,
   -2.708267;-20.898546;10.732714;,
   -2.708268;-20.898544;10.083703;,
   -2.768714;-20.779914;10.019296;,
   -2.826050;-20.667386;9.420284;,
   -2.826050;-20.667386;10.019296;,
   -2.826050;-20.667386;9.420284;,
   -2.768714;-20.779914;10.019296;,
   -2.768714;-20.779914;9.420284;,
   -3.703497;-20.521326;10.019296;,
   -3.929366;-20.636411;9.472456;,
   -3.862479;-20.602331;10.081648;,
   -3.929366;-20.636411;9.472456;,
   -3.703497;-20.521326;10.019296;,
   -3.891709;-20.617224;9.462338;,
   -3.883955;-20.560182;10.146055;,
   -4.097807;-20.669146;10.326037;,
   -3.883954;-20.560182;10.675348;,
   -3.883954;-20.560182;10.675348;,
   -4.097807;-20.669146;10.326037;,
   -4.235818;-20.739466;10.479376;,
   -3.883954;-20.560182;10.675348;,
   -4.235818;-20.739466;10.479376;,
   -4.152094;-20.696806;10.707884;,
   -4.356740;-20.801078;10.732714;,
   -4.152094;-20.696806;10.707884;,
   -4.235818;-20.739466;10.479376;,
   -3.862479;-20.602331;10.081648;,
   -4.076331;-20.711294;9.472456;,
   -4.076331;-20.711294;10.261630;,
   -4.076331;-20.711294;9.472456;,
   -3.862479;-20.602331;10.081648;,
   -3.929366;-20.636411;9.472456;,
   -2.708267;-20.898546;10.732714;,
   -2.847654;-20.624984;10.083703;,
   -2.847654;-20.624984;10.732714;,
   -2.768714;-20.779914;9.107088;,
   -2.924689;-20.717643;8.939493;,
   -2.826050;-20.667386;8.928930;,
   -2.866994;-20.829989;9.117613;,
   -2.768714;-20.779914;9.420284;,
   -2.866383;-20.829677;9.420284;,
   -2.768714;-20.779914;9.420284;,
   -2.768714;-20.779914;10.019296;,
   -2.866383;-20.829677;9.420284;,
   -2.866383;-20.829677;9.420284;,
   -2.768714;-20.779914;10.019296;,
   -2.904792;-20.849250;9.472455;,
   -2.904792;-20.849250;9.472455;,
   -2.768714;-20.779914;10.019296;,
   -3.594442;-21.200642;9.462338;,
   -3.594442;-21.200642;9.462338;,
   -2.768714;-20.779914;10.019296;,
   -3.406231;-21.104744;10.019296;,
   -2.523935;-20.863355;8.746327;,
   -2.562045;-20.882774;8.614688;,
   -2.523935;-20.863355;8.673559;,
   -2.623709;-20.914192;8.827685;,
   -2.685373;-20.945611;8.614688;,
   -2.623709;-20.914192;8.592202;,
   -2.723483;-20.965030;8.746327;,
   -2.685372;-20.945611;8.805198;,
   -2.562045;-20.882774;8.805198;,
   -2.723483;-20.965030;8.673559;,
   -2.904792;-20.849250;9.472455;,
   -3.594716;-21.200782;9.416098;,
   -2.904282;-20.848987;9.420585;,
   -3.594716;-21.200782;9.416098;,
   -2.904792;-20.849250;9.472455;,
   -3.594442;-21.200642;9.462338;,
   -3.406231;-21.104744;10.019296;,
   -2.708268;-20.898544;10.083703;,
   -3.345784;-21.223378;10.083703;,
   -2.768714;-20.779914;10.019296;,
   -3.565212;-21.185749;10.081648;,
   -3.541168;-21.232939;10.146055;,
   -3.779064;-21.294712;10.261629;,
   -3.755020;-21.341902;10.326037;,
   -3.345784;-21.223378;10.083703;,
   -2.708267;-20.898546;10.732714;,
   -3.345784;-21.223378;10.732714;,
   -2.708267;-20.898546;10.732714;,
   -3.345784;-21.223378;10.083703;,
   -2.708268;-20.898544;10.083703;,
   -3.836400;-21.182184;9.472455;,
   -3.977242;-20.905768;10.261629;,
   -4.007323;-20.846730;9.472455;,
   -4.007323;-20.846730;9.472455;,
   -4.076331;-20.711294;10.261630;,
   -4.076331;-20.711294;9.472456;,
   -4.076331;-20.711294;10.261630;,
   -4.007323;-20.846730;9.472455;,
   -3.977242;-20.905768;10.261629;,
   -4.116938;-21.271717;10.732714;,
   -3.783538;-20.757259;10.675348;,
   -4.256324;-20.998155;10.732714;,
   -3.783538;-20.757259;10.675348;,
   -4.116938;-21.271717;10.732714;,
   -3.644152;-21.030821;10.675348;,
   -3.644152;-21.030821;10.675348;,
   -3.780345;-21.354806;10.704369;,
   -3.541168;-21.232941;10.675348;,
   -3.977242;-20.905768;10.261629;,
