xof 0303txt 0032
template ColorRGBA {
 <35ff44e0-6c7c-11cf-8f52-0040333594a3>
 FLOAT red;
 FLOAT green;
 FLOAT blue;
 FLOAT alpha;
}

template ColorRGB {
 <d3e16e81-7835-11cf-8f52-0040333594a3>
 FLOAT red;
 FLOAT green;
 FLOAT blue;
}

template Material {
 <3d82ab4d-62da-11cf-ab39-0020af71e433>
 ColorRGBA faceColor;
 FLOAT power;
 ColorRGB specularColor;
 ColorRGB emissiveColor;
 [...]
}

template TextureFilename {
 <a42790e1-7810-11cf-8f52-0040333594a3>
 STRING filename;
}

template Frame {
 <3d82ab46-62da-11cf-ab39-0020af71e433>
 [...]
}

template Matrix4x4 {
 <f6f23f45-7686-11cf-8f52-0040333594a3>
 array FLOAT matrix[16];
}

template FrameTransformMatrix {
 <f6f23f41-7686-11cf-8f52-0040333594a3>
 Matrix4x4 frameMatrix;
}

template Vector {
 <3d82ab5e-62da-11cf-ab39-0020af71e433>
 FLOAT x;
 FLOAT y;
 FLOAT z;
}

template MeshFace {
 <3d82ab5f-62da-11cf-ab39-0020af71e433>
 DWORD nFaceVertexIndices;
 array DWORD faceVertexIndices[nFaceVertexIndices];
}

template Mesh {
 <3d82ab44-62da-11cf-ab39-0020af71e433>
 DWORD nVertices;
 array Vector vertices[nVertices];
 DWORD nFaces;
 array MeshFace faces[nFaces];
 [...]
}

template MeshMaterialList {
 <f6f23f42-7686-11cf-8f52-0040333594a3>
 DWORD nMaterials;
 DWORD nFaceIndexes;
 array DWORD faceIndexes[nFaceIndexes];
 [Material <3d82ab4d-62da-11cf-ab39-0020af71e433>]
}

template VertexElement {
 <f752461c-1e23-48f6-b9f8-8350850f336f>
 DWORD Type;
 DWORD Method;
 DWORD Usage;
 DWORD UsageIndex;
}

template DeclData {
 <bf22e553-292c-4781-9fea-62bd554bdd93>
 DWORD nElements;
 array VertexElement Elements[nElements];
 DWORD nDWords;
 array DWORD data[nDWords];
}

template XSkinMeshHeader {
 <3cf169ce-ff7c-44ab-93c0-f78f62d172e2>
 WORD nMaxSkinWeightsPerVertex;
 WORD nMaxSkinWeightsPerFace;
 WORD nBones;
}

template SkinWeights {
 <6f0d123b-bad2-4167-a0d0-80224f25fabb>
 STRING transformNodeName;
 DWORD nWeights;
 array DWORD vertexIndices[nWeights];
 array FLOAT weights[nWeights];
 Matrix4x4 matrixOffset;
}

template AnimTicksPerSecond {
 <9e415a43-7ba6-4a73-8743-b73d47e88476>
 DWORD AnimTicksPerSecond;
}

template Animation {
 <3d82ab4f-62da-11cf-ab39-0020af71e433>
 [...]
}

template AnimationSet {
 <3d82ab50-62da-11cf-ab39-0020af71e433>
 [Animation <3d82ab4f-62da-11cf-ab39-0020af71e433>]
}

template FloatKeys {
 <10dd46a9-775b-11cf-8f52-0040333594a3>
 DWORD nValues;
 array FLOAT values[nValues];
}

template TimedFloatKeys {
 <f406b180-7b3b-11cf-8f52-0040333594a3>
 DWORD time;
 FloatKeys tfkeys;
}

template AnimationKey {
 <10dd46a8-775b-11cf-8f52-0040333594a3>
 DWORD keyType;
 DWORD nKeys;
 array TimedFloatKeys keys[nKeys];
}


Material Material__35 {
 1.000000;1.000000;1.000000;1.000000;;
 10.000000;
 0.000000;0.000000;0.000000;;
 0.000000;0.000000;0.000000;;

 TextureFilename {
  "Ninemm_D.tga";
 }
}

Material Material__36 {
 1.000000;1.000000;1.000000;1.000000;;
 10.000000;
 0.000000;0.000000;0.000000;;
 0.000000;0.000000;0.000000;;

 TextureFilename {
  "hands_1stP_military_diff.tga";
 }
}

Frame SceneRoot {
 

 FrameTransformMatrix {
  1.000000,0.000000,0.000000,0.000000,0.000000,1.000000,0.000000,0.000000,0.000000,0.000000,1.000000,0.000000,0.000000,0.000000,0.000000,1.000000;;
 }

 Frame RootBone {
  

  FrameTransformMatrix {
   1.000000,0.000000,0.000000,0.000000,0.000000,1.000000,0.000000,0.000000,0.000000,0.000000,1.000000,0.000000,0.000001,0.000000,0.000000,1.000000;;
  }

  Frame Hands_Hub01 {
   

   FrameTransformMatrix {
    0.000000,1.000000,-0.000000,0.000000,0.000001,0.000000,1.000000,0.000000,1.000000,-0.000000,-0.000001,0.000000,-16.662445,2.980265,2.690248,1.000000;;
   }

   Frame Hands_LArmCollarbone {
    

    FrameTransformMatrix {
     -0.000001,1.000000,-0.000001,0.000000,-0.753462,-0.000001,-0.657491,0.000000,-0.657492,0.000000,0.753462,0.000000,0.550025,0.782969,6.584863,1.000000;;
    }

    Frame Hands_LArm1 {
     

     FrameTransformMatrix {
      0.116562,0.095769,0.988556,0.000000,-0.376517,0.925304,-0.045245,0.000000,-0.919047,-0.366934,0.143914,0.000000,7.387082,0.000000,-0.000001,1.000000;;
     }

     Frame Hands_LArm2 {
      

      FrameTransformMatrix {
       0.169108,-0.193906,0.966335,0.000000,0.152882,0.973749,0.168640,0.000000,-0.973668,0.119217,0.194314,0.000000,15.749214,0.000002,0.000000,1.000000;;
      }

      Frame Hands_LArmPalm {
       

       FrameTransformMatrix {
        0.558786,-0.424251,-0.712579,0.000000,0.094045,-0.821283,0.562717,0.000000,-0.823962,-0.381453,-0.419023,0.000000,13.645373,-0.000001,0.000000,1.000000;;
       }

       Frame Hands_LArmThumb1 {
        

        FrameTransformMatrix {
         0.518240,0.855125,-0.013713,0.000000,-0.338078,0.190108,-0.921717,0.000000,-0.785576,0.482307,0.387621,0.000000,1.025019,0.149495,-1.053122,1.000000;;
        }

        Frame Hands_LArmThumb2 {
         

         FrameTransformMatrix {
          0.722027,-0.183034,-0.667215,0.000000,0.142387,0.983039,-0.115589,0.000000,0.677055,-0.011544,0.735842,0.000000,2.997645,0.000000,-0.000001,1.000000;;
         }

         Frame Hands_LArmThumb3 {
          

          FrameTransformMatrix {
           0.949063,0.004800,-0.315051,0.000000,-0.003584,0.999984,0.004439,0.000000,0.315067,-0.003083,0.949064,0.000000,1.568376,0.000000,0.000000,1.000000;;
          }
         }
        }
       }

       Frame Hands_LArmFinger11 {
        

        FrameTransformMatrix {
         0.942203,-0.033694,-0.333345,0.000000,-0.066726,0.956129,-0.285246,0.000000,0.328332,0.291003,0.898619,0.000000,4.651285,1.298335,-0.184426,1.000000;;
        }

        Frame Hands_LArmFinger12 {
         

         FrameTransformMatrix {
          0.578771,0.066398,-0.812782,0.000000,0.024577,0.994807,0.098769,0.000000,0.815119,-0.077141,0.574134,0.000000,1.967897,0.000000,-0.000000,1.000000;;
         }

         Frame Hands_LArmFinger13 {
          

          FrameTransformMatrix {
           0.546731,-0.013188,-0.837204,0.000000,0.021865,0.999760,-0.001469,0.000000,0.837023,-0.017502,0.546888,0.000000,1.282021,0.000000,0.000001,1.000000;;
          }
         }
        }
       }

       Frame Hands_LArmFinger21 {
        

        FrameTransformMatrix {
         0.682755,0.024952,-0.730222,0.000000,-0.107417,0.991985,-0.066538,0.000000,0.722709,0.123867,0.679963,0.000000,4.644098,0.310961,0.107952,1.000000;;
        }

        Frame Hands_LArmFinger22 {
         

         FrameTransformMatrix {
          0.583063,-0.034220,-0.811706,0.000000,0.041157,0.999074,-0.012556,0.000000,0.811384,-0.026086,0.583931,0.000000,2.267684,0.000000,0.000000,1.000000;;
         }

         Frame Hands_LArmFinger23 {
          

          FrameTransformMatrix {
           0.752238,0.029550,-0.658229,0.000000,-0.048760,0.998751,-0.010887,0.000000,0.657085,0.040285,0.752739,0.000000,1.357073,0.000000,0.000002,1.000000;;
          }
         }
        }
       }

       Frame Hands_LArmFinger31 {
        

        FrameTransformMatrix {
         0.991076,-0.133181,-0.005662,0.000000,0.133257,0.990947,0.016352,0.000000,0.003433,-0.016960,0.999850,0.000000,0.370754,-0.194489,0.112025,1.000000;;
        }

        Frame Hands_LArmFinger32 {
         

         FrameTransformMatrix {
          0.794302,0.129429,-0.593575,0.000000,-0.170133,0.985338,-0.012815,0.000000,0.583214,0.111165,0.804676,0.000000,4.166523,-0.000001,-0.000000,1.000000;;
         }

         Frame Hands_LArmFinger33 {
          

          FrameTransformMatrix {
           0.405474,0.029126,-0.913643,0.000000,-0.068008,0.997684,0.001623,0.000000,0.911573,0.061477,0.406515,0.000000,2.171415,0.000000,0.000000,1.000000;;
          }

          Frame Hands_LArmFinger34 {
           

           FrameTransformMatrix {
            0.793778,0.008416,-0.608149,0.000000,-0.008714,0.999959,0.002464,0.000000,0.608145,0.003343,0.793819,0.000000,1.301953,-0.000000,0.000000,1.000000;;
           }
          }
         }
        }
       }

       Frame Hands_LArmFinger41 {
        

        FrameTransformMatrix {
         0.949071,-0.301639,-0.090982,0.000000,0.307962,0.949122,0.065790,0.000000,0.066508,-0.090458,0.993677,0.000000,0.379579,-0.407062,0.157656,1.000000;;
        }

        Frame Hands_LArmFinger42 {
         

         FrameTransformMatrix {
          0.853609,0.145390,-0.500214,0.000000,-0.159347,0.987109,0.014985,0.000000,0.495944,0.066916,0.865772,0.000000,3.826995,-0.000000,0.000000,1.000000;;
         }

         Frame Hands_LArmFinger43 {
          

          FrameTransformMatrix {
           0.766585,0.125673,-0.629725,0.000000,-0.154837,0.987902,0.008667,0.000000,0.623196,0.090861,0.776770,0.000000,1.617780,0.000000,0.000001,1.000000;;
          }

          Frame Hands_LArmFinger44 {
           

           FrameTransformMatrix {
            0.831120,-0.056677,-0.553197,0.000000,0.080168,0.996613,0.018338,0.000000,0.550284,-0.059590,0.832849,0.000000,1.026681,0.000001,0.000001,1.000000;;
           }
          }
         }
        }
       }

       Frame Hands_LPalm_morph {
        

        FrameTransformMatrix {
         1.000000,-0.000000,0.000000,0.000000,-0.000000,1.000000,0.000000,0.000000,0.000000,0.000000,1.000000,0.000000,-0.000005,-0.000000,2.736034,1.000000;;
        }
       }
      }

      Frame Hands_Lwrist {
       

       FrameTransformMatrix {
        1.000000,-0.000000,-0.000000,0.000000,0.000000,0.677398,0.735617,0.000000,0.000000,-0.735617,0.677398,0.000000,12.667585,-0.000000,-0.000001,1.000000;;
       }
      }

      Frame Hands_LSleeve {
       

       FrameTransformMatrix {
        1.000000,-0.000000,-0.000000,0.000000,-0.000000,1.000000,0.000000,0.000000,-0.000000,-0.000000,1.000000,0.000000,11.843398,-0.251798,-0.254340,1.000000;;
       }
      }
     }
    }
   }

   Frame Hands_RArmCollarbone {
    

    FrameTransformMatrix {
     0.000001,-0.999152,0.041168,0.000000,1.000000,0.000001,-0.000001,0.000000,0.000001,0.041168,0.999152,0.000000,0.550025,-0.782968,6.584865,1.000000;;
    }

    Frame Hands_RArm1 {
     

     FrameTransformMatrix {
      -0.086353,-0.911568,0.401979,0.000000,0.689050,0.236770,0.684945,0.000000,-0.719550,0.336131,0.607670,0.000000,7.387084,-0.000000,-0.000001,1.000000;;
     }

     Frame Hands_RArm2 {
      

      FrameTransformMatrix {
       0.006858,0.619243,0.785169,0.000000,-0.573152,0.645848,-0.504358,0.000000,-0.819421,-0.446562,0.359350,0.000000,15.749218,0.000000,0.000002,1.000000;;
      }

      Frame Hands_RArmPalm {
       

       FrameTransformMatrix {
        0.964436,-0.053137,-0.258920,0.000000,-0.252653,-0.473100,-0.844004,0.000000,-0.077647,0.879405,-0.469700,0.000000,13.645374,0.000001,-0.000002,1.000000;;
       }

       Frame Hands_RArmThumb1 {
        

        FrameTransformMatrix {
         0.764976,-0.600145,-0.233747,0.000000,0.135917,-0.204328,0.969421,0.000000,-0.629554,-0.773354,-0.074736,0.000000,1.025019,-0.149493,-1.053122,1.000000;;
        }

        Frame Hands_RArmThumb2 {
         

         FrameTransformMatrix {
          0.625244,-0.048658,-0.778911,0.000000,0.100797,0.994730,0.018772,0.000000,0.773892,-0.090249,0.626853,0.000000,2.997646,0.000000,0.000000,1.000000;;
         }

         Frame Hands_RArmThumb3 {
          

          FrameTransformMatrix {
           0.941158,0.008782,-0.337853,0.000000,-0.008211,0.999962,0.003121,0.000000,0.337868,-0.000163,0.941194,0.000000,1.568377,-0.000000,0.000000,1.000000;;
          }
         }
        }
       }

       Frame Hands_RArmFinger11 {
        

        FrameTransformMatrix {
         0.974495,-0.080734,0.209385,0.000000,0.054710,0.990363,0.127235,0.000000,-0.217640,-0.112534,0.969520,0.000000,4.651292,-1.298334,-0.184424,1.000000;;
        }

        Frame Hands_RArmFinger12 {
         

         FrameTransformMatrix {
          0.545477,0.010859,-0.838056,0.000000,-0.022303,0.999750,-0.001563,0.000000,0.837829,0.019544,0.545583,0.000000,1.967897,0.000000,0.000000,1.000000;;
         }

         Frame Hands_RArmFinger13 {
          

          FrameTransformMatrix {
           0.822404,0.018822,-0.568593,0.000000,-0.021865,0.999760,0.001469,0.000000,0.568484,0.011224,0.822618,0.000000,1.282021,0.000000,0.000001,1.000000;;
          }
         }
        }
       }

       Frame Hands_RArmFinger21 {
        

        FrameTransformMatrix {
         0.771376,0.007447,-0.636336,0.000000,-0.158403,0.970707,-0.180658,0.000000,0.616350,0.240152,0.749960,0.000000,4.644096,-0.310960,0.107953,1.000000;;
        }

        Frame Hands_RArmFinger22 {
         

         FrameTransformMatrix {
          -0.366144,-0.003388,-0.930552,0.000000,-0.041156,0.999074,0.012556,0.000000,0.929648,0.042895,-0.365944,0.000000,2.267686,0.000000,-0.000001,1.000000;;
         }

         Frame Hands_RArmFinger23 {
          

          FrameTransformMatrix {
           0.811159,-0.033237,-0.583881,0.000000,0.048761,0.998751,0.010888,0.000000,0.582790,-0.037302,0.811766,0.000000,1.357075,0.000000,-0.000001,1.000000;;
          }
         }
        }
       }

       Frame Hands_RArmFinger31 {
        

        FrameTransformMatrix {
         0.991076,0.133181,-0.005663,0.000000,-0.133258,0.990947,-0.016352,0.000000,0.003434,0.016961,0.999850,0.000000,0.370755,0.194488,0.112023,1.000000;;
        }

        Frame Hands_RArmFinger32 {
         

         FrameTransformMatrix {
          0.513810,-0.188393,-0.836963,0.000000,-0.126809,0.948197,-0.291279,0.000000,0.848480,0.255796,0.463303,0.000000,4.166521,-0.000000,0.000000,1.000000;;
         }

         Frame Hands_RArmFinger33 {
          

          FrameTransformMatrix {
           -0.267140,0.016642,-0.963514,0.000000,0.068006,0.997684,-0.001623,0.000000,0.961255,-0.065959,-0.267653,0.000000,2.171416,0.000000,0.000003,1.000000;;
          }

          Frame Hands_RArmFinger34 {
           

           FrameTransformMatrix {
            0.864581,-0.008376,-0.502423,0.000000,0.005513,0.999959,-0.007183,0.000000,0.502463,0.003440,0.864592,0.000000,1.301953,0.000000,0.000001,1.000000;;
           }
          }
         }
        }
       }

       Frame Hands_RArmFinger41 {
        

        FrameTransformMatrix {
         0.949072,0.301638,-0.090982,0.000000,-0.307962,0.949121,-0.065791,0.000000,0.066508,0.090459,0.993677,0.000000,0.379577,0.407063,0.157656,1.000000;;
        }

        Frame Hands_RArmFinger42 {
         

         FrameTransformMatrix {
          0.687407,-0.229117,-0.689185,0.000000,-0.005442,0.947284,-0.320350,0.000000,0.726251,0.223961,0.649923,0.000000,3.826999,0.000000,-0.000000,1.000000;;
         }

         Frame Hands_RArmFinger43 {
          

          FrameTransformMatrix {
           -0.249916,0.031148,-0.967767,0.000000,0.157151,0.987536,-0.008798,0.000000,0.955430,-0.154284,-0.251695,0.000000,1.617776,0.000000,0.000002,1.000000;;
          }

          Frame Hands_RArmFinger44 {
           

           FrameTransformMatrix {
            0.842086,0.057870,-0.536229,0.000000,-0.080167,0.996613,-0.018338,0.000000,0.533352,0.058430,0.843873,0.000000,1.026682,0.000000,0.000000,1.000000;;
           }
          }
         }
        }
       }

       Frame Hands_RPalm_morph {
        

        FrameTransformMatrix {
         1.000000,0.000000,0.000000,0.000000,0.000000,1.000000,-0.000000,0.000000,0.000000,0.000000,1.000000,0.000000,0.000001,-0.000000,2.736037,1.000000;;
        }
       }
      }

      Frame Hands_R_wrist {
       

       FrameTransformMatrix {
        1.000000,0.000000,0.000000,0.000000,-0.000000,0.866025,-0.500000,0.000000,0.000000,0.500000,0.866025,0.000000,12.667591,0.000002,0.000000,1.000000;;
       }
      }

      Frame Hands_R_Sleeve {
       

       FrameTransformMatrix {
        1.000000,0.000000,0.000000,0.000000,0.000000,1.000000,0.000000,0.000000,0.000000,-0.000000,1.000000,0.000000,11.831042,-0.000001,-0.000002,1.000000;;
       }
      }
     }
    }
   }

   Frame _9mm_Gun {
    

    FrameTransformMatrix {
     0.000000,0.000000,1.000000,0.000000,1.000000,0.000001,-0.000001,0.000000,-0.000001,1.000000,-0.000001,0.000000,-6.844716,-2.703475,29.505200,1.000000;;
    }

    Frame _9mm_trigger {
     

     FrameTransformMatrix {
      1.000000,0.000000,0.000000,0.000000,0.000000,1.000000,0.000000,0.000000,0.000000,-0.000000,1.000000,0.000000,2.717667,1.694111,0.000001,1.000000;;
     }
    }

    Frame _9mm_hammer {
     

     FrameTransformMatrix {
      0.342020,-0.939693,0.000000,0.000000,0.939693,0.342020,0.000000,0.000000,-0.000000,0.000000,1.000000,0.000000,-0.871189,2.323690,0.000000,1.000000;;
     }
    }

    Frame _9mm_slide {
     

     FrameTransformMatrix {
      1.000000,0.000000,0.000000,0.000000,0.000000,1.000000,0.000000,0.000000,0.000000,-0.000000,1.000000,0.000000,2.847746,2.879483,0.000071,1.000000;;
     }
    }

    Frame _9mm_Mag {
     

     FrameTransformMatrix {
      1.000000,0.000000,0.000000,0.000000,0.000000,1.000000,0.000000,0.000000,-0.000000,-0.000000,1.000000,0.000000,0.337179,-0.090564,0.000001,1.000000;;
     }
    }

    Frame _9mm_magrelease {
     

     FrameTransformMatrix {
      1.000000,0.000000,0.000000,0.000000,0.000000,1.000000,0.000000,0.000000,0.000000,-0.000000,1.000000,0.000000,1.185114,0.485686,0.579044,1.000000;;
     }
    }

    Frame tip {
     

     FrameTransformMatrix {
      1.000000,0.000000,0.000000,0.000000,0.000000,1.000000,0.000000,0.000000,-0.000000,-0.000000,1.000000,0.000000,8.545231,3.270853,0.000002,1.000000;;
     }
    }

    Frame _9mm_bullet01 {
     

     FrameTransformMatrix {
      1.000000,0.000000,0.000000,0.000000,0.000000,1.000000,0.000000,0.000000,-0.000000,-0.000000,1.000000,0.000000,1.089794,2.362001,0.000003,1.000000;;
     }
    }

    Frame _9mm_Shell {
     

     FrameTransformMatrix {
      1.000000,0.000000,0.000000,0.000000,0.000000,1.000000,0.000000,0.000000,-0.000000,-0.000000,1.000000,0.000000,0.980202,1.883892,0.000002,1.000000;;
     }
    }

    Frame LightBone {
     

     FrameTransformMatrix {
      1.000000,0.000000,0.000000,0.000000,0.000000,1.000000,0.000000,0.000000,-0.000000,-0.000000,1.000000,0.000000,8.850494,0.825518,0.000003,1.000000;;
     }
    }

    Frame _9mm_bullet {
     

     FrameTransformMatrix {
      1.000000,0.000000,0.000000,0.000000,0.000000,1.000000,0.000000,0.000000,-0.000000,-0.000000,1.000000,0.000000,1.146801,2.840551,0.000003,1.000000;;
     }
    }

    Frame Shell_eject {
     

     FrameTransformMatrix {
      1.000000,0.000000,0.000000,0.000000,0.000000,1.000000,-0.000000,0.000000,0.000000,0.000000,1.000000,0.000000,1.130375,3.390604,0.013245,1.000000;;
     }
    }
   }
  }
 }

 Frame _9mm_Trip {
  

  FrameTransformMatrix {
   1.000000,0.000000,0.000000,0.000000,0.000000,1.000000,0.000000,0.000000,0.000000,0.000000,1.000000,0.000000,0.000000,0.000000,0.000000,1.000000;;
  }

  Mesh _9mm_Trip {
   8111;
   20.634475;0.000956;0.040793;,
   20.843299;-0.085863;0.040793;,
   20.751242;-0.034239;0.040793;,
   20.903928;-0.137486;0.040793;,
   20.939856;-0.189109;0.040793;,
   20.457086;-0.189109;0.040793;,
   20.533434;0.007994;0.040793;,
   13.074593;-0.019924;0.031276;,
   12.842888;-0.104049;0.031276;,
   12.885506;-0.019924;0.031276;,
   13.055206;0.009152;0.031276;,
   12.904886;0.009152;0.031276;,
   13.115571;-0.104049;0.031276;,
   12.904886;0.009152;-0.056946;,
   13.074593;-0.019924;-0.056946;,
   13.055206;0.009152;-0.056946;,
   12.885506;-0.019924;-0.056946;,
   13.115571;-0.104049;-0.056946;,
   12.842888;-0.104049;-0.056946;,
   12.842888;-0.104049;-0.221383;,
   12.885506;-0.019924;-0.056946;,
   12.885506;-0.019924;-0.201414;,
   12.842888;-0.104049;-0.056946;,
   12.771850;-0.244262;-0.254665;,
   12.842888;-0.104049;-0.221383;,
   12.771850;-0.244262;-0.069752;,
   12.771850;-0.264444;-0.069752;,
   12.771850;-0.264444;0.044083;,
   12.771850;-0.244262;0.044083;,
   12.771850;-0.264444;0.222408;,
   12.771850;-0.244262;0.228995;,
   12.842888;-0.104049;0.195714;,
   12.842888;-0.104049;0.031276;,
   12.885506;-0.019924;0.175744;,
   12.885506;-0.019924;0.031276;,
   12.904886;0.009152;0.031276;,
   12.904886;0.009152;0.147864;,
   12.904886;0.009152;-0.173533;,
   12.885506;-0.019924;-0.056946;,
   12.904886;0.009152;-0.056946;,
   12.771850;-0.264444;-0.248078;,
   13.115571;-0.104049;-0.056946;,
   13.074593;-0.019924;-0.201414;,
   13.074593;-0.019924;-0.056946;,
   13.115571;-0.104049;-0.221383;,
   13.183881;-0.244262;-0.069752;,
   13.183881;-0.244262;0.044083;,
   13.183881;-0.264444;-0.069752;,
   13.183881;-0.264444;0.044083;,
   13.183881;-0.244262;0.228995;,
   13.183881;-0.264444;0.222408;,
   13.115571;-0.104049;0.031276;,
   13.115571;-0.104049;0.195714;,
   13.074593;-0.019924;0.031276;,
   13.074593;-0.019924;0.175744;,
   13.055206;0.009152;0.147864;,
   13.055206;0.009152;0.031276;,
   13.055206;0.009152;-0.056946;,
   13.055206;0.009152;-0.173533;,
   13.183881;-0.264444;-0.248078;,
   13.183881;-0.244262;-0.254665;,
   13.115571;-0.104049;-0.221383;,
   12.885506;-0.019924;-0.201414;,
   13.074593;-0.019924;-0.201414;,
   12.842888;-0.104049;-0.221383;,
   13.183881;-0.244262;-0.254665;,
   12.771850;-0.244262;-0.254665;,
   12.771850;-0.264444;-0.248078;,
   13.183881;-0.264444;-0.248078;,
   13.055206;0.009152;-0.173533;,
   12.904886;0.009152;-0.173533;,
   12.842888;-0.104049;0.195714;,
   13.074593;-0.019924;0.175744;,
   12.885506;-0.019924;0.175744;,
   13.115571;-0.104049;0.195714;,
   12.771850;-0.244262;0.228995;,
   12.842888;-0.104049;0.195714;,
   13.183881;-0.244262;0.228995;,
   13.183881;-0.264444;0.222408;,
   12.771850;-0.264444;0.222408;,
   12.904886;0.009152;0.147864;,
   13.055206;0.009152;0.147864;,
   13.055206;0.009152;-0.173533;,
   12.904886;0.009152;-0.056946;,
   13.055206;0.009152;-0.056946;,
   12.904886;0.009152;-0.173533;,
   13.055206;0.009152;0.031276;,
   12.904886;0.009152;0.147864;,
   13.055206;0.009152;0.147864;,
   12.904886;0.009152;0.031276;,
   20.457086;-0.189109;0.040793;,
   20.533434;0.007994;-0.066465;,
   20.457086;-0.189109;-0.066465;,
   20.533434;0.007994;0.040793;,
   20.533434;0.007994;0.040793;,
   20.634475;0.000956;-0.066465;,
   20.533434;0.007994;-0.066465;,
   20.634475;0.000956;0.040793;,
   20.751242;-0.034239;-0.066465;,
   20.751242;-0.034239;0.040793;,
   20.843299;-0.085863;-0.066465;,
   20.843299;-0.085863;0.040793;,
   20.903928;-0.137486;-0.066465;,
   20.903928;-0.137486;0.040793;,
   20.939856;-0.189109;0.040793;,
   20.939856;-0.189109;-0.066465;,
   20.843299;-0.085863;-0.066465;,
   20.903928;-0.137486;-0.066465;,
   20.939856;-0.189109;-0.066465;,
   20.457086;-0.189109;-0.066465;,
   20.533434;0.007994;-0.066465;,
   20.634475;0.000956;-0.066465;,
   20.751242;-0.034239;-0.066465;,
   12.483310;-0.223857;0.189274;,
   13.040118;-0.268874;0.253694;,
   13.040118;-0.223857;0.189274;,
   12.440994;-0.268874;0.253694;,
   13.040118;-0.326364;0.304938;,
   12.390228;-0.326364;0.304938;,
   13.040118;-0.376453;0.334307;,
   15.530486;-0.376453;0.334306;,
   15.530486;-0.455757;0.358673;,
   13.040118;-0.455757;0.358674;,
   15.530486;-0.596577;0.399248;,
   13.040118;-0.596577;0.399248;,
   12.282964;-0.455757;0.358674;,
   12.347577;-0.376453;0.334307;,
   15.530486;-0.268874;0.253693;,
   15.530486;-0.223857;0.189274;,
   13.040118;-0.186521;0.085128;,
   15.530486;-0.186521;0.085128;,
   12.521813;-0.186521;-0.110798;,
   15.530486;-0.186521;-0.110798;,
   12.483310;-0.223857;-0.214943;,
   15.530486;-0.223857;-0.214944;,
   12.440994;-0.268874;-0.279363;,
   15.530486;-0.268874;-0.279363;,
   12.390228;-0.326364;-0.330607;,
   15.530486;-0.326364;-0.330608;,
   12.347576;-0.376453;-0.359976;,
   15.530486;-0.376453;-0.359977;,
   12.282964;-0.455757;-0.384343;,
   15.530486;-0.455757;-0.384344;,
   12.205654;-0.596577;-0.424918;,
   15.530486;-0.596577;-0.424918;,
   15.627877;-0.693908;-0.503810;,
   12.191890;-0.693908;-0.503809;,
   12.205654;-0.746857;-0.575278;,
   15.627877;-0.746857;-0.575279;,
   16.681256;-0.746857;-0.575279;,
   15.627877;-0.693908;-0.503810;,
   16.681256;-0.693908;-0.503810;,
   19.933507;-0.693908;-0.503810;,
   20.150040;-0.746857;-0.575279;,
   20.214666;-0.693908;-0.503810;,
   20.043354;-0.596577;-0.424919;,
   16.770104;-0.596577;-0.424918;,
   20.391491;-0.596577;-0.424919;,
   20.213474;-0.507590;-0.411890;,
   20.702045;-0.507590;-0.411890;,
   20.993530;-0.413894;-0.378254;,
   20.289418;-0.413894;-0.378254;,
   20.993530;-0.302310;-0.309811;,
   20.347686;-0.302310;-0.309811;,
   20.981637;-0.231489;-0.208943;,
   20.369488;-0.231489;-0.208942;,
   20.948318;-0.189688;-0.067070;,
   20.371866;-0.189688;-0.067070;,
   20.371866;-0.189688;0.041398;,
   20.948318;-0.189688;0.041398;,
   20.369488;-0.231489;0.183270;,
   20.981637;-0.231489;0.183270;,
   20.347686;-0.302310;0.284139;,
   20.993530;-0.302310;0.284139;,
   20.993530;-0.413894;0.352582;,
   20.289418;-0.413894;0.352582;,
   20.213474;-0.507590;0.386218;,
   20.702045;-0.507590;0.386218;,
   20.993530;-0.507590;0.386218;,
   20.391491;-0.596577;0.399247;,
   20.043354;-0.596577;0.399247;,
   20.214666;-0.693908;0.478139;,
   19.933510;-0.693908;0.478139;,
   20.150040;-0.746857;0.549608;,
   16.681256;-0.693908;0.478139;,
   16.681256;-0.746857;0.549608;,
   15.627877;-0.693908;0.478139;,
   15.627877;-0.746857;0.549608;,
   13.529736;-0.746857;0.549609;,
   13.529736;-0.693908;0.478140;,
   12.205654;-0.596577;0.399248;,
   12.509548;-0.693908;0.478140;,
   12.191890;-0.693908;0.478140;,
   12.205654;-0.746857;0.549609;,
   12.528621;-0.746857;0.549609;,
   12.521813;-0.186521;0.085128;,
   15.530486;-0.326364;0.304938;,
   20.993530;-0.507590;-0.411890;,
   16.770104;-0.596577;0.399248;,
   12.457925;-0.230652;-0.185441;,
   12.415419;-0.273165;0.127305;,
   12.457925;-0.230652;0.159771;,
   12.415419;-0.273165;-0.152974;,
   12.381202;-0.308310;-0.183662;,
   12.426644;-0.270388;-0.244945;,
   12.483310;-0.223857;-0.214943;,
   12.496098;-0.194871;-0.099532;,
   12.496098;-0.194871;0.073862;,
   12.521813;-0.186521;-0.110798;,
   12.521813;-0.186521;0.085128;,
   12.483310;-0.223857;0.189274;,
   12.426644;-0.270388;0.219276;,
   12.381202;-0.308310;0.157992;,
   12.365422;-0.324516;0.157992;,
   12.376248;-0.324634;0.250388;,
   12.390228;-0.326364;0.304938;,
   12.440994;-0.268874;0.253694;,
   12.440994;-0.268874;-0.279363;,
   12.390228;-0.326364;-0.330607;,
   12.376248;-0.324634;-0.276058;,
   12.365422;-0.324516;-0.183662;,
   12.331364;-0.368967;-0.289583;,
   12.347576;-0.376453;-0.359976;,
   12.257905;-0.451376;-0.300817;,
   12.282964;-0.455757;-0.384343;,
   12.181064;-0.577281;-0.379352;,
   12.161202;-0.569824;-0.333238;,
   12.152915;-0.564201;-0.298450;,
   12.245377;-0.449744;-0.183662;,
   12.141634;-0.564201;-0.183664;,
   12.048531;-0.676440;-0.219938;,
   12.061876;-0.678742;-0.317232;,
   12.078556;-0.680367;-0.362119;,
   12.109545;-0.682516;-0.421620;,
   12.144377;-0.687274;-0.468786;,
   12.205654;-0.596577;-0.424918;,
   12.191890;-0.693908;-0.503809;,
   12.140156;-0.747324;-0.537663;,
   12.205654;-0.746857;-0.575278;,
   12.022328;-1.037266;-0.575278;,
   11.952421;-1.037266;-0.542987;,
   12.097308;-0.747324;-0.487546;,
   12.034286;-0.746989;-0.397704;,
   12.010644;-0.746731;-0.329928;,
   11.870257;-1.037266;-0.407728;,
   11.924134;-1.037266;-0.508933;,
   11.837232;-1.269933;-0.506393;,
   11.871079;-1.269933;-0.539735;,
   11.950007;-1.269933;-0.576185;,
   11.841389;-1.363469;-0.535689;,
   11.927342;-1.363469;-0.575278;,
   11.806753;-1.363469;-0.503218;,
   11.744867;-1.363469;-0.404710;,
   11.772870;-1.269934;-0.407728;,
   11.837232;-1.269933;-0.506393;,
   11.846824;-1.037266;-0.338557;,
   12.331365;-0.368968;0.263914;,
   12.323711;-0.367872;0.157992;,
   12.257906;-0.451376;0.275147;,
   12.245377;-0.449744;0.157993;,
   12.152915;-0.564201;0.272781;,
   12.141634;-0.564201;0.157995;,
   12.061878;-0.678742;0.291563;,
   12.078557;-0.680368;0.336449;,
   12.161202;-0.569824;0.307569;,
   12.181064;-0.577281;0.353682;,
   12.282964;-0.455757;0.358674;,
   12.205654;-0.596577;0.399248;,
   12.144377;-0.687274;0.443117;,
   12.109545;-0.682516;0.395951;,
   12.097308;-0.747324;0.461876;,
   12.140156;-0.747324;0.511994;,
   12.191890;-0.693908;0.478140;,
   12.205654;-0.746857;0.549609;,
   12.022330;-1.037266;0.549609;,
   11.952421;-1.037266;0.517318;,
   11.924132;-1.037266;0.483264;,
   12.034286;-0.746990;0.372034;,
   12.010644;-0.746731;0.304259;,
   11.997418;-0.747087;0.238959;,
   12.051518;-0.676956;0.238959;,
   12.043550;-0.675575;0.157993;,
   12.347577;-0.376453;0.334307;,
   12.323711;-0.367872;-0.183662;,
   12.365422;-0.324516;-0.183662;,
   12.043550;-0.675575;-0.183662;,
   11.984017;-0.764765;-0.219938;,
   11.978617;-0.764765;-0.183662;,
   11.870257;-1.037266;0.382059;,
   11.772870;-1.269934;0.382058;,
   11.837232;-1.269934;0.480724;,
   11.871080;-1.269934;0.514066;,
   11.950007;-1.269934;0.550516;,
   11.841389;-1.363469;0.510020;,
   11.927342;-1.363469;0.549609;,
   11.806752;-1.363469;0.477549;,
   11.744867;-1.363469;0.379032;,
   11.714348;-1.363469;0.262158;,
   11.745621;-1.269934;0.262158;,
   11.846824;-1.037266;0.312888;,
   11.830653;-1.037266;0.238959;,
   11.714348;-1.363469;-0.287827;,
   11.745621;-1.269934;-0.287827;,
   11.909671;-0.285497;0.109302;,
   11.978018;-0.330385;0.137642;,
   11.990650;-0.305017;0.109302;,
   11.909227;-0.313831;0.137642;,
   11.820881;-0.303843;0.109302;,
   11.909671;-0.285497;-0.134971;,
   11.990650;-0.305017;-0.134971;,
   12.123700;-0.396302;-0.134971;,
   11.978018;-0.330385;-0.163312;,
   11.909227;-0.313831;-0.163312;,
   11.833790;-0.329073;-0.163312;,
   11.820881;-0.303843;-0.134971;,
   11.767656;-0.345182;0.109302;,
   11.767656;-0.345182;-0.134971;,
   11.788517;-0.364371;-0.163312;,
   11.733076;-0.408867;-0.134971;,
   11.759913;-0.417982;-0.163312;,
   11.750938;-0.482485;-0.163312;,
   11.722714;-0.485044;-0.134971;,
   11.753114;-0.653998;-0.134971;,
   11.780841;-0.648131;-0.163312;,
   11.783045;-0.776715;-0.134971;,
   11.783045;-0.776715;0.109302;,
   11.753114;-0.653998;0.109302;,
   11.722714;-0.485044;0.109302;,
   11.733076;-0.408867;0.109302;,
   11.788517;-0.364371;0.137642;,
   11.759913;-0.417982;0.137642;,
   11.750938;-0.482485;0.137642;,
   11.780841;-0.648131;0.137642;,
   11.810405;-0.769304;0.137642;,
   11.822638;-0.909505;0.109302;,
   11.822638;-0.909505;-0.134971;,
   11.810404;-0.769304;-0.163312;,
   11.849836;-0.901529;-0.163312;,
   11.843733;-0.982668;-0.134971;,
   11.843733;-0.982668;0.109302;,
   11.849836;-0.901529;0.137642;,
   11.872065;-0.981836;0.137642;,
   11.811882;-1.123587;0.109302;,
   11.811882;-1.123587;-0.134971;,
   11.838543;-1.133181;-0.163312;,
   11.872065;-0.981836;-0.163312;,
   12.112413;-0.422302;-0.163312;,
   12.260649;-0.442235;-0.163312;,
   12.257696;-0.414050;-0.134971;,
   12.367689;-0.404881;-0.163312;,
   12.361528;-0.377224;-0.134971;,
   12.428366;-0.370678;-0.134971;,
   12.427888;-0.399017;-0.163312;,
   12.501877;-0.413409;-0.134971;,
   12.498155;-0.441486;-0.163312;,
   12.518826;-0.451504;-0.145871;,
   12.521194;-0.433558;-0.127750;,
   12.518826;-0.451504;0.120202;,
   12.521194;-0.433558;0.102081;,
   12.501877;-0.413409;0.109302;,
   12.428366;-0.370678;0.109302;,
   12.361528;-0.377224;0.109302;,
   12.257696;-0.414050;0.109302;,
   12.123700;-0.396302;0.109302;,
   12.112413;-0.422302;0.137642;,
   12.260649;-0.442235;0.137642;,
   12.367689;-0.404881;0.137642;,
   12.427888;-0.399017;0.137642;,
   12.498155;-0.441486;0.137642;,
   11.833790;-0.329073;0.137642;,
   11.841730;-1.118798;0.137642;,
   11.838543;-1.133181;0.137642;,
   11.714966;-1.374418;0.137642;,
   11.686866;-1.370697;0.109302;,
   11.686866;-1.370697;-0.134971;,
   11.714966;-1.374418;-0.163312;,
   11.730110;-1.433822;0.137642;,
   11.702017;-1.430100;0.109302;,
   11.702017;-1.430100;-0.134971;,
   11.714966;-1.374418;-0.163312;,
   11.730110;-1.433822;-0.163312;,
   11.638187;-1.497852;-0.134971;,
   11.665557;-1.505206;-0.163312;,
   11.622889;-1.591703;-0.163312;,
   11.594796;-1.587981;-0.134971;,
   11.638187;-1.497852;0.109302;,
   11.665558;-1.505206;0.137642;,
   11.622889;-1.591703;0.137642;,
   11.594796;-1.587981;0.109302;,
   11.588666;-1.694349;-0.134971;,
   11.616954;-1.692642;-0.163312;,
   11.628454;-1.773861;-0.163312;,
   11.600355;-1.770141;-0.134971;,
   11.588666;-1.694349;0.109302;,
   11.616954;-1.692642;0.137642;,
   11.628454;-1.773861;0.137642;,
   11.600355;-1.770141;0.109302;,
   12.428653;-0.273165;-0.152974;,
   12.415419;-0.273165;0.127305;,
   12.415419;-0.273165;-0.152974;,
   12.428653;-0.273165;0.127305;,
   12.428653;-0.305862;-0.183662;,
   12.428653;-0.273165;0.127305;,
   12.428653;-0.273165;-0.152974;,
   12.428653;-0.305862;0.157992;,
   12.428653;-0.324516;-0.183662;,
   12.428653;-0.324516;0.157992;,
   12.428653;-0.367872;-0.183662;,
   12.428653;-0.367872;0.157992;,
   12.428653;-0.449744;0.157993;,
   12.428653;-0.449744;-0.183662;,
   12.428653;-0.548937;0.157993;,
   12.428653;-0.548937;-0.183662;,
   12.428653;-0.675575;0.157993;,
   12.428653;-0.675575;-0.183662;,
   13.015938;-0.333299;0.353139;,
   12.619450;-0.333299;0.353139;,
   12.747574;-0.275781;0.353139;,
   12.887821;-0.275781;0.353139;,
   12.525608;-0.438394;0.353139;,
   12.482272;-0.572887;0.353139;,
   12.567053;-0.836242;0.353139;,
   12.680513;-0.919118;0.353139;,
   12.817698;-0.948523;0.353139;,
   12.954876;-0.919118;0.353139;,
   13.068342;-0.836242;0.353139;,
   13.096387;-0.798278;0.353139;,
   13.138460;-0.704805;0.353139;,
   13.147257;-0.611032;0.353139;,
   13.153124;-0.572887;0.353139;,
   13.109782;-0.438394;0.353139;,
   14.971874;-0.412896;0.166760;,
   15.011117;-0.290102;0.112420;,
   14.971874;-0.357841;0.084361;,
   15.011117;-0.361049;0.218606;,
   15.082467;-0.282554;0.115545;,
   15.082467;-0.355273;0.224380;,
   21.269840;-0.355273;0.224379;,
   21.269840;-0.282554;0.115544;,
   15.082467;-0.257022;-0.012835;,
   15.011117;-0.265184;-0.012835;,
   14.971874;-0.338510;-0.012835;,
   15.011117;-0.290102;-0.138090;,
   14.971874;-0.357841;-0.110031;,
   15.082467;-0.282554;-0.141215;,
   21.269840;-0.257022;-0.012836;,
   21.320619;-0.283329;-0.012836;,
   21.320619;-0.306866;0.105475;,
   21.320619;-0.373885;0.205773;,
   21.320619;-0.341077;0.091304;,
   21.320619;-0.320358;-0.012836;,
   21.320619;-0.341077;-0.116976;,
   21.320619;-0.306866;-0.131147;,
   21.269840;-0.282554;-0.141216;,
   15.082467;-0.355273;-0.250050;,
   21.269840;-0.355273;-0.250051;,
   21.320619;-0.373885;-0.231445;,
   21.320619;-0.400067;-0.205263;,
   21.269840;-0.418672;-0.186657;,
   21.269840;-0.365382;-0.106907;,
   21.269840;-0.346672;-0.012836;,
   21.269840;-0.365382;0.081235;,
   21.320619;-0.400067;0.179590;,
   21.320619;-0.474181;0.272791;,
   21.320619;-0.488350;0.238581;,
   21.320619;-0.592489;0.296325;,
   21.320619;-0.592489;0.259296;,
   21.269840;-0.498423;0.214271;,
   21.269840;-0.592489;0.232984;,
   21.320619;-0.696636;0.238581;,
   21.320619;-0.710804;0.272791;,
   21.269840;-0.720871;0.297100;,
   21.269840;-0.592489;0.322637;,
   21.269840;-0.464115;0.297100;,
   15.082467;-0.464115;0.297101;,
   15.082467;-0.592489;0.322638;,
   15.082467;-0.720871;0.297101;,
   15.011117;-0.717746;0.289557;,
   15.011117;-0.592489;0.314472;,
   15.011117;-0.467240;0.289557;,
   14.971874;-0.495298;0.221817;,
   14.971874;-0.592489;0.241150;,
   14.971874;-0.689688;0.221817;,
   14.971874;-0.772090;0.166760;,
   15.011117;-0.823936;0.218606;,
   15.082467;-0.829705;0.224380;,
   15.011117;-0.894883;0.112420;,
   14.971874;-0.827145;0.084361;,
   14.971874;-0.846476;-0.012835;,
   15.011117;-0.919802;-0.012835;,
   15.082467;-0.902432;0.115545;,
   21.269840;-0.902432;0.115544;,
   21.269840;-0.829705;0.224379;,
   21.320619;-0.811100;0.205773;,
   21.320619;-0.784919;0.179590;,
   21.269840;-0.686562;0.214271;,
   21.269840;-0.766313;0.160984;,
   21.320619;-0.843909;0.091304;,
   21.320619;-0.878120;0.105475;,
   21.269840;-0.927964;-0.012836;,
   15.082467;-0.927964;-0.012835;,
   21.320619;-0.488350;-0.264253;,
   21.320619;-0.474181;-0.298464;,
   21.269840;-0.464115;-0.322773;,
   21.320619;-0.592489;-0.321997;,
   21.320619;-0.592489;-0.284968;,
   21.269840;-0.592489;-0.258656;,
   21.269840;-0.498423;-0.239944;,
   21.269840;-0.592489;-0.348309;,
   15.082467;-0.592489;-0.348308;,
   15.082467;-0.464115;-0.322772;,
   21.269840;-0.418672;0.160984;,
   21.320619;-0.696636;-0.264253;,
   21.320619;-0.710804;-0.298464;,
   21.269840;-0.720871;-0.322773;,
   15.082467;-0.720871;-0.322772;,
   15.011117;-0.592489;-0.340142;,
   15.011117;-0.717746;-0.315228;,
   14.971874;-0.592489;-0.266820;,
   14.971874;-0.689688;-0.247487;,
   15.011117;-0.823936;-0.244276;,
   14.971874;-0.772090;-0.192430;,
   15.011117;-0.894883;-0.138090;,
   14.971874;-0.827145;-0.110031;,
   15.011117;-0.919802;-0.012835;,
   14.971874;-0.846476;-0.012835;,
   15.082467;-0.927964;-0.012835;,
   15.082467;-0.902432;-0.141215;,
   15.082467;-0.829705;-0.250050;,
   21.269840;-0.829705;-0.250051;,
   21.269840;-0.902432;-0.141216;,
   21.269840;-0.927964;-0.012836;,
   21.320619;-0.901650;-0.012836;,
   21.320619;-0.878120;-0.131147;,
   21.320619;-0.811100;-0.231445;,
   21.320619;-0.784919;-0.205263;,
   21.269840;-0.766313;-0.186657;,
   21.269840;-0.686562;-0.239944;,
   21.320619;-0.901650;-0.012836;,
   21.320619;-0.864621;-0.012836;,
   21.269840;-0.819597;0.081235;,
   21.269840;-0.838314;-0.012836;,
   21.320619;-0.864621;-0.012836;,
   21.320619;-0.843909;-0.116976;,
   21.269840;-0.819597;-0.106907;,
   21.269840;-0.838314;-0.012836;,
   20.371866;-0.189688;-0.067070;,
   20.369488;-0.231489;0.183270;,
   20.371866;-0.189688;0.041398;,
   20.369488;-0.231489;-0.208942;,
   20.347686;-0.302310;0.284139;,
   20.347686;-0.302310;-0.309811;,
   20.289418;-0.413894;0.352582;,
   20.289418;-0.413894;-0.378254;,
   20.213474;-0.507590;0.386218;,
   20.213474;-0.507590;-0.411890;,
   20.043354;-0.596577;0.399247;,
   20.043354;-0.596577;-0.424919;,
   15.082467;-0.418672;-0.186656;,
   15.082467;-0.282554;-0.141215;,
   15.082467;-0.355273;-0.250050;,
   15.082467;-0.365382;-0.106906;,
   15.082467;-0.498423;-0.239943;,
   15.082467;-0.464115;-0.322772;,
   15.082467;-0.592489;-0.258655;,
   15.082467;-0.592489;-0.348308;,
   15.011117;-0.290102;-0.138090;,
   15.082467;-0.365382;-0.106906;,
   14.971874;-0.357841;-0.110031;,
   15.082467;-0.282554;-0.141215;,
   12.428653;-0.273165;-0.152974;,
   12.381202;-0.308310;-0.183662;,
   12.428653;-0.305862;-0.183662;,
   12.415419;-0.273165;-0.152974;,
   12.428653;-0.324516;-0.183662;,
   12.365422;-0.324516;-0.183662;,
   12.428653;-0.367872;-0.183662;,
   12.323711;-0.367872;-0.183662;,
   12.428653;-0.449744;-0.183662;,
   12.245377;-0.449744;-0.183662;,
   12.428653;-0.548937;-0.183662;,
   12.141634;-0.564201;-0.183664;,
   12.428653;-0.675575;-0.183662;,
   12.043550;-0.675575;-0.183662;,
   11.978617;-0.764765;-0.183662;,
   12.579072;-0.764765;-0.183662;,
   12.842888;-0.104049;-0.056946;,
   13.115571;-0.104049;0.031276;,
   13.115571;-0.104049;-0.056946;,
   12.842888;-0.104049;0.031276;,
   12.428653;-0.273165;0.127305;,
   12.381202;-0.308310;0.157992;,
   12.415419;-0.273165;0.127305;,
   12.428653;-0.305862;0.157992;,
   12.428653;-0.324516;0.157992;,
   12.365422;-0.324516;0.157992;,
   12.428653;-0.367872;0.157992;,
   12.323711;-0.367872;0.157992;,
   12.428653;-0.449744;0.157993;,
   12.245377;-0.449744;0.157993;,
   12.428653;-0.548937;0.157993;,
   12.141634;-0.564201;0.157995;,
   12.428653;-0.675575;0.157993;,
   12.043550;-0.675575;0.157993;,
   13.015938;-0.333299;0.353139;,
   12.887954;-0.275083;0.476308;,
   13.016329;-0.332720;0.476308;,
   12.887821;-0.275781;0.353139;,
   12.747434;-0.275083;0.476308;,
   12.747574;-0.275781;0.353139;,
   12.619059;-0.332720;0.476308;,
   12.619450;-0.333299;0.353139;,
   12.525028;-0.438031;0.476308;,
   12.590151;-0.477634;0.600574;,
   12.574231;-0.547444;0.600574;,
